2.000000000000000000e+00 -3.128024296368699870e+05 3.137161255755390739e+05
6.000000000000000000e+00 -1.178291858074625793e+02 1.183522536781509729e+02
1.000000000000000000e+01 -1.209991787801347307e+01 1.252858183782802826e+01
1.400000000000000000e+01 -2.426724860916441351e+00 2.667595149645867636e+00
1.800000000000000000e+01 -6.188133546077655422e-01 7.520604498914285063e-01
2.200000000000000000e+01 -1.558433065689051600e-01 2.291878411573441687e-01
2.600000000000000000e+01 -1.897700599171731062e-02 5.802810928112105138e-02
3.000000000000000000e+01 2.193499129003237402e-02 -3.073838721249361194e-03
3.400000000000000000e+01 3.155814433112938411e-02 -2.480827962009751753e-02
3.800000000000000000e+01 3.071080674733796256e-02 -3.129343572156236680e-02
4.200000000000000000e+01 2.666830893642408579e-02 -3.167245640372902404e-02
4.600000000000000000e+01 2.205223356868470791e-02 -2.966892084507480321e-02
5.000000000000000000e+01 1.778490481162084066e-02 -2.686158703884925641e-02
5.400000000000000000e+01 1.412837674171530528e-02 -2.393234698237352645e-02
5.800000000000000000e+01 1.110710535406935102e-02 -2.116328583541928626e-02
6.200000000000000000e+01 8.646809477782499420e-03 -1.866357608060469422e-02
6.600000000000000000e+01 6.653074530453832042e-03 -1.646065822366338943e-02
7.000000000000000000e+01 5.022244570512950611e-03 -1.454920714018141485e-02
7.400000000000000000e+01 3.675057567368079404e-03 -1.289063712869204306e-02
7.800000000000000000e+01 2.621246534318412685e-03 -1.139313581022194030e-02
8.200000000000000000e+01 1.971037841466453076e-03 -9.960288161305648827e-03
8.600000000000000000e+01 1.840491051911712431e-03 -8.596307439952799098e-03
9.000000000000000000e+01 2.268069977141618648e-03 -7.389980178810592187e-03
9.400000000000000000e+01 3.027124351430645396e-03 -6.412060295335519737e-03
9.800000000000000000e+01 3.629013319853725047e-03 -5.641844731922887775e-03
1.020000000000000000e+02 3.657426590404536104e-03 -5.037622980986809426e-03
1.060000000000000000e+02 3.072822513484345982e-03 -4.607858029778324170e-03
1.100000000000000000e+02 2.151121491867168285e-03 -4.356197910112739533e-03
1.140000000000000000e+02 1.212051608378228668e-03 -4.227243466202934216e-03
1.180000000000000000e+02 4.428979513520094708e-04 -4.138710119302982729e-03
1.220000000000000000e+02 -1.044753266233055557e-04 -4.027813021474243270e-03
1.260000000000000000e+02 -4.436461320728940852e-04 -3.865329096424694431e-03
1.300000000000000000e+02 -6.203969891063348691e-04 -3.656718517954668513e-03
1.340000000000000000e+02 -6.832667418512668048e-04 -3.422113536986951497e-03
1.380000000000000000e+02 -6.778039663443606935e-04 -3.183819134538687541e-03
1.420000000000000000e+02 -6.343157192910398035e-04 -2.955971380629406845e-03
1.460000000000000000e+02 -5.672455056809509646e-04 -2.743680586772856075e-03
1.500000000000000000e+02 -4.869793942765160183e-04 -2.549250622597941385e-03
1.540000000000000000e+02 -4.003473245409989545e-04 -2.373115714394864306e-03
1.580000000000000000e+02 -3.080818863938167241e-04 -2.213162717293173064e-03
1.620000000000000000e+02 -2.126777235243505499e-04 -2.068310210359758979e-03
1.660000000000000000e+02 -1.182992425085226899e-04 -1.938371850109711289e-03
1.700000000000000000e+02 -2.663021109176259404e-05 -1.822277549581960204e-03
1.740000000000000000e+02 6.137746402166792403e-05 -1.718928792726536750e-03
1.780000000000000000e+02 1.462973355361571123e-04 -1.626863966671881091e-03
1.820000000000000000e+02 2.297459583142753229e-04 -1.544384971825691743e-03
1.860000000000000000e+02 3.112963455124074987e-04 -1.470643833724105589e-03
1.900000000000000000e+02 3.900312055459960155e-04 -1.404767690835591549e-03
1.940000000000000000e+02 4.653547154627934654e-04 -1.345691510382744302e-03
1.980000000000000000e+02 5.360072704147718662e-04 -1.292969934450532727e-03
