2.000000000000000000e+00 -3.128023854221274960e+05 3.137161215759320185e+05
6.000000000000000000e+00 -1.178132430480680313e+02 1.183499351877740793e+02
1.000000000000000000e+01 -1.209243707716001204e+01 1.252715309064157267e+01
1.400000000000000000e+01 -2.422596217181049560e+00 2.666626424448785837e+00
1.800000000000000000e+01 -6.163119636674344592e-01 7.513625203512779294e-01
2.200000000000000000e+01 -1.542339212464213238e-01 2.286634958753381852e-01
2.600000000000000000e+01 -1.789738741375686976e-02 5.762185885535967694e-02
3.000000000000000000e+01 2.268168470638283821e-02 -3.396078659573834209e-03
3.400000000000000000e+01 3.208685281783711651e-02 -2.506859491370090273e-02
3.800000000000000000e+01 3.109227187997521541e-02 -3.150681134271660772e-02
4.200000000000000000e+01 2.694782919260778689e-02 -3.184945484996328652e-02
4.600000000000000000e+01 2.225985817334863795e-02 -2.981720224183640258e-02
5.000000000000000000e+01 1.794106322605538636e-02 -2.698685145532907226e-02
5.400000000000000000e+01 1.424737679398815557e-02 -2.403889173100624138e-02
5.800000000000000000e+01 1.119921580655980527e-02 -2.125439789390717177e-02
6.200000000000000000e+01 8.719625655892576307e-03 -1.874181378699108294e-02
6.600000000000000000e+01 6.712423299763618789e-03 -1.652809398484359621e-02
7.000000000000000000e+01 5.072636042568545202e-03 -1.460771183133328238e-02
7.400000000000000000e+01 3.719549743263253841e-03 -1.294228154171836627e-02
7.800000000000000000e+01 2.660390899788209543e-03 -1.144060960790522531e-02
8.200000000000000000e+01 2.000748706475385247e-03 -1.000668948767646088e-02
8.600000000000000000e+01 1.850087492886932266e-03 -8.643413266427663749e-03
9.000000000000000000e+01 2.242354495549739053e-03 -7.436221234348311393e-03
9.400000000000000000e+01 2.955589014998748123e-03 -6.454017859495378776e-03
9.800000000000000000e+01 3.516356080119647023e-03 -5.678632755649956967e-03
1.020000000000000000e+02 3.523662437740377254e-03 -5.071572068658698404e-03
1.060000000000000000e+02 2.941833197981408646e-03 -4.640644074364722038e-03
1.100000000000000000e+02 2.039243633697263546e-03 -4.386737456872134670e-03
1.140000000000000000e+02 1.124994947162477610e-03 -4.253362734190864469e-03
1.180000000000000000e+02 3.789993538712690740e-04 -4.159196524430570571e-03
1.220000000000000000e+02 -1.498992105806193982e-04 -4.042843032787929447e-03
1.260000000000000000e+02 -4.755131562542193606e-04 -3.875871642838341069e-03
1.300000000000000000e+02 -6.427332955748959803e-04 -3.663909506331203443e-03
1.340000000000000000e+02 -6.990237424706107145e-04 -3.426934369823192439e-03
1.380000000000000000e+02 -6.890335315049916313e-04 -3.187008122652660019e-03
1.420000000000000000e+02 -6.424102141037666682e-04 -2.958049471851847013e-03
1.460000000000000000e+02 -5.731453928820624431e-04 -2.745002651335304994e-03
1.500000000000000000e+02 -4.913207240044406609e-04 -2.550056260356615371e-03
1.540000000000000000e+02 -4.035636158283227018e-04 -2.373566761257956976e-03
1.580000000000000000e+02 -3.104757566829739811e-04 -2.213369576188970855e-03
1.620000000000000000e+02 -2.144641203798324707e-04 -2.068351130756525789e-03
1.660000000000000000e+02 -1.196356883599060113e-04 -1.938303348517522295e-03
1.700000000000000000e+02 -2.764487182407073538e-05 -1.822143332691065695e-03
1.740000000000000000e+02 6.056721827437247182e-05 -1.718761928816147982e-03
1.780000000000000000e+02 1.455754853962118597e-04 -1.626684993372694852e-03
1.820000000000000000e+02 2.290082451465406542e-04 -1.544200781036331876e-03
1.860000000000000000e+02 3.104829980707401495e-04 -1.470449466385226204e-03
1.900000000000000000e+02 3.891568494894263788e-04 -1.404555765085052426e-03
1.940000000000000000e+02 4.645085379569360829e-04 -1.345459890741620892e-03
1.980000000000000000e+02 5.353214195995216387e-04 -1.292720863696257333e-03
