2.000000000000000000e+00 -3.128024075294987415e+05 3.137161235757355462e+05
6.000000000000000000e+00 -1.178212144277653124e+02 1.183510944329625261e+02
1.000000000000000000e+01 -1.209617747758674255e+01 1.252786746423480047e+01
1.400000000000000000e+01 -2.424660539048745456e+00 2.667110787047326959e+00
1.800000000000000000e+01 -6.175626591376000007e-01 7.517114851213532178e-01
2.200000000000000000e+01 -1.550386139076632419e-01 2.289256685163411909e-01
2.600000000000000000e+01 -1.843719670273709019e-02 5.782498406824036069e-02
3.000000000000000000e+01 2.230833799820760785e-02 -3.234958690411597702e-03
3.400000000000000000e+01 3.182249857448325031e-02 -2.493843726689920839e-02
3.800000000000000000e+01 3.090153931365658899e-02 -3.140012353213948726e-02
4.200000000000000000e+01 2.680806906451593460e-02 -3.176095562684615875e-02
4.600000000000000000e+01 2.215604587101667466e-02 -2.974306154345560463e-02
5.000000000000000000e+01 1.786298401883811351e-02 -2.692421924708916434e-02
5.400000000000000000e+01 1.418787676785173042e-02 -2.398561935668988218e-02
5.800000000000000000e+01 1.115316058031457815e-02 -2.120884186466322902e-02
6.200000000000000000e+01 8.683217566837538731e-03 -1.870269493379788858e-02
6.600000000000000000e+01 6.682748915108725415e-03 -1.649437610425349282e-02
7.000000000000000000e+01 5.047440306540747906e-03 -1.457845948575734775e-02
7.400000000000000000e+01 3.697303655315666623e-03 -1.291645933520520380e-02
7.800000000000000000e+01 2.640818717053311331e-03 -1.141687270906358194e-02
8.200000000000000000e+01 1.985893273970919162e-03 -9.983488824491053987e-03
8.600000000000000000e+01 1.845289272399322457e-03 -8.619860353190230556e-03
9.000000000000000000e+01 2.255212236345679067e-03 -7.413100706579451790e-03
9.400000000000000000e+01 2.991356683214696759e-03 -6.433039077415448823e-03
9.800000000000000000e+01 3.572684699986686252e-03 -5.660238743786422805e-03
1.020000000000000000e+02 3.590544514072456679e-03 -5.054597524822753915e-03
1.060000000000000000e+02 3.007327855732877531e-03 -4.624251052071523538e-03
1.100000000000000000e+02 2.095182562782215915e-03 -4.371467683492436668e-03
1.140000000000000000e+02 1.168523277770353030e-03 -4.240303100196899343e-03
1.180000000000000000e+02 4.109486526116392724e-04 -4.148953321866776650e-03
1.220000000000000000e+02 -1.271872686019624905e-04 -4.035328027131086792e-03
1.260000000000000000e+02 -4.595796441635566958e-04 -3.870600369631517750e-03
1.300000000000000000e+02 -6.315651423406153705e-04 -3.660314012142935978e-03
1.340000000000000000e+02 -6.911452421609387596e-04 -3.424523953405071968e-03
1.380000000000000000e+02 -6.834187489246761624e-04 -3.185413628595673563e-03
1.420000000000000000e+02 -6.383629666974032901e-04 -2.957010426240626929e-03
1.460000000000000000e+02 -5.701954492815067580e-04 -2.744341619054080535e-03
1.500000000000000000e+02 -4.891500591404783667e-04 -2.549653441477278595e-03
1.540000000000000000e+02 -4.019554701846608552e-04 -2.373341237826410641e-03
1.580000000000000000e+02 -3.092788215383953797e-04 -2.213266146741072176e-03
1.620000000000000000e+02 -2.135709219520915238e-04 -2.068330670558142168e-03
1.660000000000000000e+02 -1.189674654342143506e-04 -1.938337599313616792e-03
1.700000000000000000e+02 -2.713754145791666471e-05 -1.822210441136513058e-03
1.740000000000000000e+02 6.097234114802019793e-05 -1.718845360771342366e-03
1.780000000000000000e+02 1.459364104661844725e-04 -1.626774480022288080e-03
1.820000000000000000e+02 2.293771017304079886e-04 -1.544292876431011810e-03
1.860000000000000000e+02 3.108896717915738241e-04 -1.470546650054665788e-03
1.900000000000000000e+02 3.895940275177111971e-04 -1.404661727960321987e-03
1.940000000000000000e+02 4.649316267098647470e-04 -1.345575700562182597e-03
1.980000000000000000e+02 5.356643450071466982e-04 -1.292845399073395138e-03
