2.000000000000000000e+00 -3.128024738516124780e+05 3.137161295751461294e+05
6.000000000000000000e+00 -1.178451285668571273e+02 1.183545721685278664e+02
1.000000000000000000e+01 -1.210739867886693411e+01 1.253001058501448384e+01
1.400000000000000000e+01 -2.430853504651833141e+00 2.668563874842949435e+00
1.800000000000000000e+01 -6.213147455480966252e-01 7.527583794315790833e-01
2.200000000000000000e+01 -1.574526918913889961e-01 2.297121864393501522e-01
2.600000000000000000e+01 -2.005662456967775148e-02 5.843435970688242581e-02
3.000000000000000000e+01 2.118829787368190984e-02 -2.751598782924888180e-03
3.400000000000000000e+01 3.102943584442165517e-02 -2.454796432649413232e-02
3.800000000000000000e+01 3.032934161470070972e-02 -3.108006010040812936e-02
4.200000000000000000e+01 2.638878868024038468e-02 -3.149545795749476157e-02
4.600000000000000000e+01 2.184460896402077787e-02 -2.952063944831320383e-02
5.000000000000000000e+01 1.762874639718629496e-02 -2.673632262236944057e-02
5.400000000000000000e+01 1.400937668944245498e-02 -2.382580223374081152e-02
5.800000000000000000e+01 1.101499490157889678e-02 -2.107217377693140076e-02
6.200000000000000000e+01 8.573993299672422533e-03 -1.858533837421830551e-02
6.600000000000000000e+01 6.593725761144045294e-03 -1.639322246248318266e-02
7.000000000000000000e+01 4.971853098457356020e-03 -1.449070244902954732e-02
7.400000000000000000e+01 3.630565391472904968e-03 -1.283899271566571985e-02
7.800000000000000000e+01 2.582102168848615827e-03 -1.134566201253865529e-02
8.200000000000000000e+01 1.941326976457520689e-03 -9.913886834934836773e-03
8.600000000000000000e+01 1.830894610936492596e-03 -8.549201613477934447e-03
9.000000000000000000e+01 2.293785458733498244e-03 -7.343739123272872982e-03
9.400000000000000000e+01 3.098659687862542669e-03 -6.370102731175660699e-03
9.800000000000000000e+01 3.741670559587803070e-03 -5.605056708195818582e-03
1.020000000000000000e+02 3.791190743068694954e-03 -5.003673893314920448e-03
1.060000000000000000e+02 3.203811828987283318e-03 -4.575071985191926302e-03
1.100000000000000000e+02 2.262999350037073025e-03 -4.325658363353344395e-03
1.140000000000000000e+02 1.299108269593979726e-03 -4.201124198215003963e-03
1.180000000000000000e+02 5.067965488327498677e-04 -4.118223714175394887e-03
1.220000000000000000e+02 -5.905144266599170639e-05 -4.012783010160557093e-03
1.260000000000000000e+02 -4.117791078915688098e-04 -3.854786550011047794e-03
1.300000000000000000e+02 -5.980606826377737580e-04 -3.649527529578133582e-03
1.340000000000000000e+02 -6.675097412319228951e-04 -3.417292704150710556e-03
1.380000000000000000e+02 -6.665744011837297558e-04 -3.180630146424715064e-03
1.420000000000000000e+02 -6.262212244783129387e-04 -2.953893289406966677e-03
1.460000000000000000e+02 -5.613456184798394860e-04 -2.742358522210407157e-03
1.500000000000000000e+02 -4.826380645485913216e-04 -2.548444984839267399e-03
1.540000000000000000e+02 -3.971310332536752072e-04 -2.372664667531771635e-03
1.580000000000000000e+02 -3.056880161046594672e-04 -2.212955858397375273e-03
1.620000000000000000e+02 -2.108913266688686291e-04 -2.068269289962992169e-03
1.660000000000000000e+02 -1.169627966571393685e-04 -1.938440351701900283e-03
1.700000000000000000e+02 -2.561555035945445270e-05 -1.822411766472854713e-03
1.740000000000000000e+02 6.218770976896337624e-05 -1.719095656636925517e-03
1.780000000000000000e+02 1.470191856761023650e-04 -1.627042939971067330e-03
1.820000000000000000e+02 2.304836714820099916e-04 -1.544569162615051609e-03
1.860000000000000000e+02 3.121096929540748480e-04 -1.470838201062984974e-03
1.900000000000000000e+02 3.909055616025656522e-04 -1.404979616586130671e-03
1.940000000000000000e+02 4.662008929686508479e-04 -1.345923130023867712e-03
1.980000000000000000e+02 5.366931212300220938e-04 -1.293219005204808121e-03
