2.000000000000000000e+00 -3.128026507105825003e+05 3.137161455735744676e+05
6.000000000000000000e+00 -1.179088996044353053e+02 1.183638461300354265e+02
1.000000000000000000e+01 -1.213732188228077646e+01 1.253572557376030439e+01
1.400000000000000000e+01 -2.447368079593399859e+00 2.672438775631276187e+00
1.800000000000000000e+01 -6.313203093094207352e-01 7.555500975921812801e-01
2.200000000000000000e+01 -1.638902331813243962e-01 2.318095675673740308e-01
2.600000000000000000e+01 -2.437509888151951493e-02 6.005936140992793049e-02
3.000000000000000000e+01 1.820152420828004963e-02 -1.462639029626996989e-03
3.400000000000000000e+01 2.891460189759073596e-02 -2.350670315208059497e-02
3.800000000000000000e+01 2.880348108415169833e-02 -3.022655761579117611e-02
4.200000000000000000e+01 2.527070765550558373e-02 -3.078746417255770820e-02
4.600000000000000000e+01 2.101411054536505424e-02 -2.892751386126680632e-02
5.000000000000000000e+01 1.700411273944811216e-02 -2.623526495645017373e-02
5.400000000000000000e+01 1.353337648035105208e-02 -2.339962323920995874e-02
5.800000000000000000e+01 1.064655309161707808e-02 -2.070772554297986220e-02
6.200000000000000000e+01 8.282728587232111514e-03 -1.827238754867275411e-02
6.600000000000000000e+01 6.356330683904899172e-03 -1.612347941776234861e-02
7.000000000000000000e+01 4.770287210234976788e-03 -1.425668368442207894e-02
7.400000000000000000e+01 3.452596687892206355e-03 -1.263241506356042702e-02
7.800000000000000000e+01 2.425524706969428394e-03 -1.115576682180551525e-02
8.200000000000000000e+01 1.822483516421791573e-03 -9.728281529451588555e-03
8.600000000000000000e+01 1.792508847035612822e-03 -8.360778307578479313e-03
9.000000000000000000e+01 2.396647385101015760e-03 -7.158774901121997027e-03
9.400000000000000000e+01 3.384801033590131326e-03 -6.202272474536224545e-03
9.800000000000000000e+01 4.192299518524114296e-03 -5.457904613287540944e-03
1.020000000000000000e+02 4.326247353725329488e-03 -4.867877542627366272e-03
1.060000000000000000e+02 3.727769090999031795e-03 -4.443927806846333095e-03
1.100000000000000000e+02 2.710510782716692418e-03 -4.203500176315763844e-03
1.140000000000000000e+02 1.647334914456983958e-03 -4.096647126263284686e-03
1.180000000000000000e+02 7.623909387557115634e-04 -4.036278093665044385e-03
1.220000000000000000e+02 1.226440931632636841e-04 -3.952662964905810650e-03
1.260000000000000000e+02 -2.843110111662677623e-04 -3.812616364356460376e-03
1.300000000000000000e+02 -5.087154567635293135e-04 -3.620763576071992992e-03
1.340000000000000000e+02 -6.044817387545472565e-04 -3.398009372805747656e-03
1.380000000000000000e+02 -6.216561405412061132e-04 -3.167874193968825587e-03
1.420000000000000000e+02 -5.938432452274052626e-04 -2.945580924517206441e-03
1.460000000000000000e+02 -5.377460696753933551e-04 -2.737070263960611049e-03
1.500000000000000000e+02 -4.652727456368926429e-04 -2.545222433804571020e-03
1.540000000000000000e+02 -3.842658681043802180e-04 -2.370860480079400954e-03
1.580000000000000000e+02 -2.961125349480303310e-04 -2.212128422814183676e-03
1.620000000000000000e+02 -2.037457392469409461e-04 -2.068105608375925362e-03
1.660000000000000000e+02 -1.116170132516060694e-04 -1.938714358070655827e-03
1.700000000000000000e+02 -2.155690743022189412e-05 -1.822948634036432747e-03
1.740000000000000000e+02 6.542869275814518508e-05 -1.719763112278480804e-03
1.780000000000000000e+02 1.499065862358834298e-04 -1.627758833167811852e-03
1.820000000000000000e+02 2.334345241529486392e-04 -1.545305925772491075e-03
1.860000000000000000e+02 3.153630827207442992e-04 -1.471615670418502733e-03
1.900000000000000000e+02 3.944029858288442534e-04 -1.405827319588287593e-03
1.940000000000000000e+02 4.695856029920804863e-04 -1.346849608588361570e-03
1.980000000000000000e+02 5.394365244910231125e-04 -1.294215288221909265e-03
