2.000000000000000000e+00 -3.128025180663549691e+05 3.137161335747532430e+05
6.000000000000000000e+00 -1.178610713262516754e+02 1.183568906589047600e+02
1.000000000000000000e+01 -1.211487947972039336e+01 1.253143933220093764e+01
1.400000000000000000e+01 -2.434982148387224932e+00 2.669532600040030790e+00
1.800000000000000000e+01 -6.238161364884275972e-01 7.534563089717295492e-01
2.200000000000000000e+01 -1.590620772138728600e-01 2.302365317213561080e-01
2.600000000000000000e+01 -2.113624314763819234e-02 5.884061013264380025e-02
3.000000000000000000e+01 2.044160445733144565e-02 -2.429358844600415599e-03
3.400000000000000000e+01 3.050072735771392277e-02 -2.428764903289074711e-02
3.800000000000000000e+01 2.994787648206345687e-02 -3.086668447925389192e-02
4.200000000000000000e+01 2.610926842405668358e-02 -3.131845951126049910e-02
4.600000000000000000e+01 2.163698435935684783e-02 -2.937235805155160445e-02
5.000000000000000000e+01 1.747258798275174926e-02 -2.661105820588962473e-02
5.400000000000000000e+01 1.389037663716960296e-02 -2.371925748510810006e-02
5.800000000000000000e+01 1.092288444908844081e-02 -2.098106171844351525e-02
6.200000000000000000e+01 8.501177121562343911e-03 -1.850710066783191679e-02
6.600000000000000000e+01 6.534376991834258547e-03 -1.632578670130297241e-02
7.000000000000000000e+01 4.921461626401761429e-03 -1.443219775787767979e-02
7.400000000000000000e+01 3.586073215577730098e-03 -1.278734830263939665e-02
7.800000000000000000e+01 2.542957803378818969e-03 -1.129818821485537028e-02
8.200000000000000000e+01 1.911616111448588519e-03 -9.867485508564024718e-03
8.600000000000000000e+01 1.821298169961272544e-03 -8.502095787003071531e-03
9.000000000000000000e+01 2.319500940325377406e-03 -7.297498067735153776e-03
9.400000000000000000e+01 3.170195024294439508e-03 -6.328145167015801660e-03
9.800000000000000000e+01 3.854327799321880660e-03 -5.568268684468749390e-03
1.020000000000000000e+02 3.924954895732853805e-03 -4.969724805643032338e-03
1.060000000000000000e+02 3.334801144490220220e-03 -4.542285940605527567e-03
1.100000000000000000e+02 2.374877208206977765e-03 -4.295118816593949257e-03
1.140000000000000000e+02 1.386164930809730784e-03 -4.175004930227074577e-03
1.180000000000000000e+02 5.706951463134903729e-04 -4.097737309047807912e-03
1.220000000000000000e+02 -1.362755870867785708e-05 -3.997752998846870048e-03
1.260000000000000000e+02 -3.799120837102435344e-04 -3.844244003597400722e-03
1.300000000000000000e+02 -5.757243761692126469e-04 -3.642336541201598218e-03
1.340000000000000000e+02 -6.517527406125789855e-04 -3.412471871314470048e-03
1.380000000000000000e+02 -6.553448360230989264e-04 -3.177441158310742586e-03
1.420000000000000000e+02 -6.181267296655859654e-04 -2.951815198184526510e-03
1.460000000000000000e+02 -5.554457312787278991e-04 -2.741036457647958238e-03
1.500000000000000000e+02 -4.782967348206666790e-04 -2.547639347080593412e-03
1.540000000000000000e+02 -3.939147419663514599e-04 -2.372213620668678965e-03
1.580000000000000000e+02 -3.032941458155021561e-04 -2.212748999501577048e-03
1.620000000000000000e+02 -2.091049298133867084e-04 -2.068228369566225359e-03
1.660000000000000000e+02 -1.156263508057560471e-04 -1.938508853294089061e-03
1.700000000000000000e+02 -2.460088962714631475e-05 -1.822545983363749221e-03
1.740000000000000000e+02 6.299795551625882845e-05 -1.719262520547314285e-03
1.780000000000000000e+02 1.477410358160476448e-04 -1.627221913270253352e-03
1.820000000000000000e+02 2.312213846497446603e-04 -1.544753353404411476e-03
1.860000000000000000e+02 3.129230403957421972e-04 -1.471032568401864577e-03
1.900000000000000000e+02 3.917799176591353432e-04 -1.405191542336670010e-03
1.940000000000000000e+02 4.670470704745082846e-04 -1.346154749664991122e-03
1.980000000000000000e+02 5.373789720452723214e-04 -1.293468075959083299e-03
