2.000000000000000000e+00 -3.128022085631574737e+05 3.137161055775036803e+05
6.000000000000000000e+00 -1.177494720104898533e+02 1.183406612262665192e+02
1.000000000000000000e+01 -1.206251387374616968e+01 1.252143810189575213e+01
1.400000000000000000e+01 -2.406081642239482843e+00 2.662751523660459085e+00
1.800000000000000000e+01 -6.063063999061103493e-01 7.485708021906757326e-01
2.200000000000000000e+01 -1.477963799564859237e-01 2.265661147473143067e-01
2.600000000000000000e+01 -1.357891310191510631e-02 5.599685715231417227e-02
3.000000000000000000e+01 2.566845837178469841e-02 -4.685038412871725400e-03
3.400000000000000000e+01 3.420168676466803226e-02 -2.610985608811444009e-02
3.800000000000000000e+01 3.261813241052422679e-02 -3.236031382733355749e-02
4.200000000000000000e+01 2.806591021734258784e-02 -3.255744863490034335e-02
4.600000000000000000e+01 2.309035659200436158e-02 -3.041032782888280009e-02
5.000000000000000000e+01 1.856569688379356917e-02 -2.748790912124833910e-02
5.400000000000000000e+01 1.472337700307955848e-02 -2.446507072553709417e-02
5.800000000000000000e+01 1.156765761652162397e-02 -2.161884612785871032e-02
6.200000000000000000e+01 9.010890368332887326e-03 -1.905476461253663434e-02
6.600000000000000000e+01 6.949818377002764912e-03 -1.679783702956443026e-02
7.000000000000000000e+01 5.274201930790924434e-03 -1.484173059594075077e-02
7.400000000000000000e+01 3.897518446843952454e-03 -1.314885919382365910e-02
7.800000000000000000e+01 2.816968361667396975e-03 -1.163050479863836535e-02
8.200000000000000000e+01 2.119592166511114796e-03 -1.019229479315970910e-02
8.600000000000000000e+01 1.888473256787812039e-03 -8.831836572327118884e-03
9.000000000000000000e+01 2.139492569182221537e-03 -7.621185456499187348e-03
9.400000000000000000e+01 2.669447669271159465e-03 -6.621848116134814929e-03
9.800000000000000000e+01 3.065727121183335797e-03 -5.825784850558234605e-03
1.020000000000000000e+02 2.988605827083742721e-03 -5.207368419346252580e-03
1.060000000000000000e+02 2.417875935969660169e-03 -4.771788252710315245e-03
1.100000000000000000e+02 1.591732201017644153e-03 -4.508895643909715222e-03
1.140000000000000000e+02 7.767683022994733774e-04 -4.357839806142583747e-03
1.180000000000000000e+02 1.234049639483073783e-04 -4.241142144940921073e-03
1.220000000000000000e+02 -3.315947464098748226e-04 -4.102963078042675890e-03
1.260000000000000000e+02 -6.029812529795204080e-04 -3.918041828492928487e-03
1.300000000000000000e+02 -7.320785214491404248e-04 -3.692673459837344033e-03
1.340000000000000000e+02 -7.620517449479863531e-04 -3.446217701168155338e-03
1.380000000000000000e+02 -7.339517921475152739e-04 -3.199764075108549495e-03
1.420000000000000000e+02 -6.747881933546743443e-04 -2.966361836741607250e-03
1.460000000000000000e+02 -5.967449416865085740e-04 -2.750290909585101102e-03
1.500000000000000000e+02 -5.086860429161394479e-04 -2.553278811391311749e-03
1.540000000000000000e+02 -4.164287809776176909e-04 -2.375370948710327657e-03
1.580000000000000000e+02 -3.200512378396031172e-04 -2.214197011772162452e-03
1.620000000000000000e+02 -2.216097078017601537e-04 -2.068514812343592597e-03
1.660000000000000000e+02 -1.249814717654392968e-04 -1.938029342148766751e-03
1.700000000000000000e+02 -3.170351475330329395e-05 -1.821606465127487660e-03
1.740000000000000000e+02 5.732623528519066299e-05 -1.718094473174592695e-03
1.780000000000000000e+02 1.426880848364307948e-04 -1.625969100175950329e-03
1.820000000000000000e+02 2.260573924756020066e-04 -1.543464017878892411e-03
1.860000000000000000e+02 3.072296083040706983e-04 -1.469671997029708445e-03
1.900000000000000000e+02 3.856594252631477776e-04 -1.403708062082895504e-03
1.940000000000000000e+02 4.611238279335064445e-04 -1.344533412177127034e-03
1.980000000000000000e+02 5.325780163385206200e-04 -1.291724580679156189e-03
