2.000000000000000000e+00 -3.128023412073850050e+05 3.137161175763249048e+05
6.000000000000000000e+00 -1.177973002886734832e+02 1.183476166973971857e+02
1.000000000000000000e+01 -1.208495627630655278e+01 1.252572434345511887e+01
1.400000000000000000e+01 -2.418467573445657770e+00 2.665657699251704482e+00
1.800000000000000000e+01 -6.138105727271034873e-01 7.506645908111274634e-01
2.200000000000000000e+01 -1.526245359239374599e-01 2.281391505933322295e-01
2.600000000000000000e+01 -1.681776883579642889e-02 5.721560842959830251e-02
3.000000000000000000e+01 2.342837812273330239e-02 -3.718318597898306790e-03
3.400000000000000000e+01 3.261556130454484198e-02 -2.532891020730428794e-02
3.800000000000000000e+01 3.147373701261246826e-02 -3.172018696387084169e-02
4.200000000000000000e+01 2.722734944879148800e-02 -3.202645329619754899e-02
4.600000000000000000e+01 2.246748277801256799e-02 -2.996548363859800196e-02
5.000000000000000000e+01 1.809722164048993207e-02 -2.711211587180888810e-02
5.400000000000000000e+01 1.436637684626100760e-02 -2.414543647963895284e-02
5.800000000000000000e+01 1.129132625905026124e-02 -2.134550995239505727e-02
6.200000000000000000e+01 8.792441834002654930e-03 -1.882005149337747166e-02
6.600000000000000000e+01 6.771772069073405537e-03 -1.659552974602380646e-02
7.000000000000000000e+01 5.123027514624139793e-03 -1.466621652248514991e-02
7.400000000000000000e+01 3.764041919158428711e-03 -1.299392595474468948e-02
7.800000000000000000e+01 2.699535265258006401e-03 -1.148808340558851032e-02
8.200000000000000000e+01 2.030459571484317851e-03 -1.005309081404727294e-02
8.600000000000000000e+01 1.859683933862152317e-03 -8.690519092902526666e-03
9.000000000000000000e+01 2.216639013957859890e-03 -7.482462289886030599e-03
9.400000000000000000e+01 2.884053678566851284e-03 -6.495975423655237814e-03
9.800000000000000000e+01 3.403698840385569434e-03 -5.715420779377026160e-03
1.020000000000000000e+02 3.389898285076218837e-03 -5.105521156330586514e-03
1.060000000000000000e+02 2.810843882478471743e-03 -4.673430118951120774e-03
1.100000000000000000e+02 1.927365775527358589e-03 -4.417277003631529808e-03
1.140000000000000000e+02 1.037938285946726552e-03 -4.279482002178793855e-03
1.180000000000000000e+02 3.151007563905286230e-04 -4.179682929558157546e-03
1.220000000000000000e+02 -1.953230945379332679e-04 -4.057873044101616491e-03
1.260000000000000000e+02 -5.073801804355446360e-04 -3.886414189251988140e-03
1.300000000000000000e+02 -6.650696020434570914e-04 -3.671100494707738807e-03
1.340000000000000000e+02 -7.147807430899546241e-04 -3.431755202659432947e-03
1.380000000000000000e+02 -7.002630966656224606e-04 -3.190197110766632496e-03
1.420000000000000000e+02 -6.505047089164936415e-04 -2.960127563074287180e-03
1.460000000000000000e+02 -5.790452800831740300e-04 -2.746324715897753913e-03
1.500000000000000000e+02 -4.956620537323653576e-04 -2.550861898115289357e-03
1.540000000000000000e+02 -4.067799071156464490e-04 -2.374017808121049646e-03
1.580000000000000000e+02 -3.128696269721312922e-04 -2.213576435084769079e-03
1.620000000000000000e+02 -2.162505172353143914e-04 -2.068392051153292600e-03
1.660000000000000000e+02 -1.209721342112893326e-04 -1.938234846925333517e-03
1.700000000000000000e+02 -2.865953255637887333e-05 -1.822009115800171187e-03
1.740000000000000000e+02 5.975697252707701961e-05 -1.718595064905759215e-03
1.780000000000000000e+02 1.448536352562665799e-04 -1.626506020073508830e-03
1.820000000000000000e+02 2.282705319788059855e-04 -1.544016590246972010e-03
1.860000000000000000e+02 3.096696506290728002e-04 -1.470255099046346601e-03
1.900000000000000000e+02 3.882824934328566878e-04 -1.404343839334513087e-03
1.940000000000000000e+02 4.636623604510786462e-04 -1.345228271100497482e-03
1.980000000000000000e+02 5.346355687842714111e-04 -1.292471792941982155e-03
