2.000000000000000000e+00 -3.128024306010926375e+05 3.137161255770483986e+05
6.000000000000000000e+00 -1.178291861306482957e+02 1.183522536786983181e+02
1.000000000000000000e+01 -1.209991790959395885e+01 1.252858183788540458e+01
1.400000000000000000e+01 -2.426724867311822464e+00 2.667595149658436249e+00
1.800000000000000000e+01 -6.188133564171497403e-01 7.520604498953202821e-01
2.200000000000000000e+01 -1.558433071862554420e-01 2.291878411588207654e-01
2.600000000000000000e+01 -1.897700622775375101e-02 5.802810928176231620e-02
3.000000000000000000e+01 2.193499119324737734e-02 -3.073838720941690639e-03
3.400000000000000000e+01 3.155814428984855813e-02 -2.480827961993749275e-02
3.800000000000000000e+01 3.071080672947482104e-02 -3.129343572147282732e-02
4.200000000000000000e+01 2.666830892877262299e-02 -3.167245640367515047e-02
4.600000000000000000e+01 2.205223356553701053e-02 -2.966892084503986587e-02
5.000000000000000000e+01 1.778490481043488308e-02 -2.686158703882474130e-02
5.400000000000000000e+01 1.412837674134597224e-02 -2.393234698235494409e-02
5.800000000000000000e+01 1.110710535400595382e-02 -2.116328583540416641e-02
6.200000000000000000e+01 8.646809477806603403e-03 -1.866357608059164563e-02
6.600000000000000000e+01 6.653074530481155671e-03 -1.646065822365162107e-02
7.000000000000000000e+01 5.022244570519036021e-03 -1.454920714017044446e-02
7.400000000000000000e+01 3.675057567353274407e-03 -1.289063712868159829e-02
7.800000000000000000e+01 2.621246534291499317e-03 -1.139313581021183727e-02
8.200000000000000000e+01 1.971037841437374774e-03 -9.960288161295786924e-03
8.600000000000000000e+01 1.840491051888596373e-03 -8.596307439943115872e-03
9.000000000000000000e+01 2.268069977129877606e-03 -7.389980178801039065e-03
9.400000000000000000e+01 3.027124351432985538e-03 -6.412060295326073300e-03
9.800000000000000000e+01 3.629013319870514134e-03 -5.641844731913523737e-03
1.020000000000000000e+02 3.657426590434309163e-03 -5.037622980977516512e-03
1.060000000000000000e+02 3.072822513524255464e-03 -4.607858029769093706e-03
1.100000000000000000e+02 2.151121491913412544e-03 -4.356197910103561978e-03
1.140000000000000000e+02 1.212051608426380255e-03 -4.227243466193804367e-03
1.180000000000000000e+02 4.428979513972873799e-04 -4.138710119293894513e-03
1.220000000000000000e+02 -1.044753265858298908e-04 -4.027813021465192350e-03
1.260000000000000000e+02 -4.436461320481484717e-04 -3.865329096415676471e-03
1.300000000000000000e+02 -6.203969890991327309e-04 -3.656718517945678308e-03
1.340000000000000000e+02 -6.832667418662356253e-04 -3.422113536977987747e-03
1.380000000000000000e+02 -6.778039663858792399e-04 -3.183819134529743741e-03
1.420000000000000000e+02 -6.343157193632161179e-04 -2.955971380620481693e-03
1.460000000000000000e+02 -5.672455057875920061e-04 -2.743680586763945235e-03
1.500000000000000000e+02 -4.869793944211370956e-04 -2.549250622589043121e-03
1.540000000000000000e+02 -4.003473247268157027e-04 -2.373115714385974715e-03
1.580000000000000000e+02 -3.080818866237493335e-04 -2.213162717284290412e-03
1.620000000000000000e+02 -2.126777238010389443e-04 -2.068310210350879797e-03
1.660000000000000000e+02 -1.182992428343385615e-04 -1.938371850100834492e-03
1.700000000000000000e+02 -2.663021146882252246e-05 -1.822277549573082540e-03
1.740000000000000000e+02 6.137746359148490809e-05 -1.718928792717656483e-03
1.780000000000000000e+02 1.462973350511931553e-04 -1.626863966662996921e-03
1.820000000000000000e+02 2.297459577730860507e-04 -1.544384971816801068e-03
1.860000000000000000e+02 3.112963449137294905e-04 -1.470643833715207108e-03
1.900000000000000000e+02 3.900312048887517912e-04 -1.404767690826683743e-03
1.940000000000000000e+02 4.653547147460657899e-04 -1.345691510373825872e-03
1.980000000000000000e+02 5.360072696377899803e-04 -1.292969934441601503e-03
