2.500000000000000052e-03 3.285130496893000236e+04 -7.376016497741999956e+03
7.499999999999999722e-03 4.023733651508999901e+04 8.674585130573999777e+03
1.250000000000000069e-02 5.177292894836000050e+04 2.348969085457999972e+04
1.750000000000000167e-02 5.101010817433000193e+04 2.274634605065999858e+04
2.249999999999999917e-02 5.033468883102999825e+04 2.412726657395000075e+04
2.750000000000000014e-02 4.815954346757000167e+04 2.292164976228000160e+04
3.250000000000000111e-02 4.198489196182000160e+04 1.751029875280000124e+04
3.749999999999999861e-02 3.548175329708000208e+04 1.625320651096000074e+04
4.250000000000000305e-02 3.159730641308999839e+04 1.276101737861000038e+04
4.750000000000000056e-02 2.791475601898999957e+04 1.309380861539000034e+04
5.249999999999999806e-02 2.546768818584999826e+04 1.292963755755000057e+04
5.750000000000000250e-02 2.458264905830000134e+04 1.122861335415000030e+04
6.250000000000000000e-02 2.326436064561999956e+04 1.068548575164000067e+04
6.750000000000000444e-02 2.228344777582000097e+04 1.057978260982999927e+04
7.249999999999999500e-02 2.017217726418999882e+04 9.695415818999999829e+03
7.749999999999999944e-02 1.863840617909000139e+04 8.296409382627000014e+03
8.250000000000000389e-02 1.688246113790999880e+04 7.754875135807999868e+03
8.749999999999999445e-02 1.529943048771999929e+04 7.226682693959999597e+03
9.249999999999999889e-02 1.395081075090999911e+04 6.501142511918999844e+03
9.750000000000000333e-02 1.243720235218000016e+04 5.905957188065000082e+03
1.024999999999999939e-01 1.169815723093000088e+04 5.306093917115999830e+03
1.074999999999999983e-01 1.074817705485999977e+04 4.958198194720999709e+03
1.125000000000000028e-01 1.017128352235000057e+04 4.278145032714000081e+03
1.174999999999999933e-01 9.648977482215999771e+03 4.125577168218999759e+03
1.224999999999999978e-01 9.289107176408000669e+03 4.120092102792999867e+03
1.275000000000000022e-01 8.923593076430999645e+03 3.524015393845999824e+03
1.325000000000000067e-01 8.609466773513000589e+03 3.364619371618000059e+03
1.375000000000000111e-01 7.987605558694000138e+03 3.041190346239000064e+03
1.424999999999999878e-01 7.502271653773000253e+03 2.465051217617000020e+03
1.474999999999999922e-01 6.974815874003999852e+03 2.258170605360000081e+03
1.524999999999999967e-01 6.434486499511000147e+03 2.035930569160000005e+03
1.575000000000000011e-01 6.133626267998000003e+03 2.009778342924000071e+03
1.625000000000000056e-01 5.657094121054999960e+03 1.848178916582000056e+03
1.675000000000000100e-01 5.316720594522000283e+03 1.690282563464000077e+03
1.724999999999999867e-01 5.116967970579999928e+03 1.401819269360999897e+03
1.774999999999999911e-01 4.923547700975999760e+03 1.255460472944999992e+03
1.824999999999999956e-01 4.746052372140000443e+03 1.106783636501000046e+03
1.875000000000000000e-01 4.565480467979000423e+03 1.117959410444000014e+03
1.925000000000000044e-01 4.432179791210000076e+03 9.904087376960000029e+02
1.975000000000000089e-01 4.211225427843000034e+03 8.365146812268000076e+02
2.025000000000000133e-01 4.068148641347000193e+03 8.595599493450999944e+02
2.074999999999999900e-01 3.835546679861000030e+03 7.142287284473000000e+02
2.124999999999999944e-01 3.660021201947999998e+03 5.722466278235999653e+02
2.174999999999999989e-01 3.467249222337999981e+03 5.397790770474999817e+02
2.225000000000000033e-01 3.327667864787999861e+03 5.328203759839000213e+02
2.275000000000000078e-01 3.195473372336000011e+03 4.552349105833999943e+02
2.325000000000000122e-01 3.087975798244000089e+03 4.246997088287999986e+02
2.374999999999999889e-01 2.957569663003000187e+03 3.874091783214000202e+02
2.424999999999999933e-01 2.876875379118000183e+03 3.631787024266999993e+02
2.474999999999999978e-01 2.802048885212000187e+03 2.702215206701000056e+02
2.525000000000000022e-01 2.707635617150000144e+03 2.102143256377000000e+02
2.575000000000000067e-01 2.610412039854999875e+03 1.646849479676000101e+02
2.625000000000000111e-01 2.518442042736000076e+03 1.105619441641999998e+02
2.675000000000000155e-01 2.417346019886999784e+03 7.706167072908999671e+01
2.725000000000000200e-01 2.355380503110000063e+03 6.173329309660999797e+01
2.775000000000000244e-01 2.272337800713999968e+03 6.054827946700999775e+01
2.824999999999999734e-01 2.196541548792999947e+03 6.553618755294000664e+01
2.874999999999999778e-01 2.125640525970999988e+03 9.038435092163000562e+00
2.924999999999999822e-01 2.046837827280000056e+03 -2.444160958311000087e+01
2.974999999999999867e-01 2.012779233366999961e+03 -2.539282735656000156e+01
3.024999999999999911e-01 1.922027127014999905e+03 -2.397212312865000072e+01
3.074999999999999956e-01 1.880436039922999953e+03 -7.078492973285999312e+01
3.125000000000000000e-01 1.832877671813000006e+03 -1.076102859834000043e+02
3.175000000000000044e-01 1.788804766533000020e+03 -9.828769009251999478e+01
3.225000000000000089e-01 1.735536822719999918e+03 -1.475987420696999948e+02
3.275000000000000133e-01 1.704740958475000070e+03 -1.376871676320000120e+02
3.325000000000000178e-01 1.660569082828000091e+03 -1.580745358659000033e+02
3.375000000000000222e-01 1.601908245496000063e+03 -1.469721764312000118e+02
3.425000000000000266e-01 1.542768183304000104e+03 -1.500350259957999981e+02
3.474999999999999756e-01 1.523341127514999926e+03 -1.608782194233999974e+02
3.524999999999999800e-01 1.485752874704000078e+03 -1.951381108813999958e+02
3.574999999999999845e-01 1.459509502572999963e+03 -1.939052405943999986e+02
3.624999999999999889e-01 1.423112509413999987e+03 -2.039279140996999899e+02
3.674999999999999933e-01 1.386220303287999968e+03 -1.912879333909999957e+02
3.724999999999999978e-01 1.338524110893999932e+03 -2.093410819968999874e+02
3.775000000000000022e-01 1.312472267326000065e+03 -2.021444315647999872e+02
3.825000000000000067e-01 1.277546800857000107e+03 -2.445145185531999914e+02
3.875000000000000111e-01 1.244005611703000113e+03 -2.552462808253999924e+02
3.925000000000000155e-01 1.231070740586000056e+03 -2.461344536384000037e+02
3.975000000000000200e-01 1.204622569172000112e+03 -2.763448239402999889e+02
4.025000000000000244e-01 1.164949710462999974e+03 -2.642989170942000214e+02
4.074999999999999734e-01 1.138083810614999948e+03 -2.504494697160999976e+02
4.124999999999999778e-01 1.124767194681000092e+03 -2.642133005700999888e+02
4.174999999999999822e-01 1.099365389965000077e+03 -2.537169665838000014e+02
4.224999999999999867e-01 1.075751891466999950e+03 -2.748687050345000102e+02
4.274999999999999911e-01 1.045715472422999937e+03 -2.524355219772000112e+02
4.324999999999999956e-01 1.015355700676999959e+03 -2.657784553179000113e+02
4.375000000000000000e-01 1.008953338752000036e+03 -3.013040669818000197e+02
4.425000000000000044e-01 9.868293389995000098e+02 -3.173697093106999887e+02
4.475000000000000089e-01 9.724829301235999992e+02 -3.228474883156000033e+02
4.525000000000000133e-01 9.512893523771000446e+02 -2.995921221711000157e+02
4.575000000000000178e-01 9.231695376223999574e+02 -2.831856493071999807e+02
4.625000000000000222e-01 9.154949751202000243e+02 -3.015591681417000132e+02
4.675000000000000266e-01 8.880979930252000258e+02 -3.023189429526000254e+02
4.724999999999999756e-01 8.753579634702000476e+02 -3.050971189135000259e+02
4.774999999999999800e-01 8.597002893543000255e+02 -3.162541549650999855e+02
4.824999999999999845e-01 8.410901870313000472e+02 -3.193382887997000239e+02
4.874999999999999889e-01 8.229173600308999994e+02 -3.179299064103000205e+02
4.924999999999999933e-01 8.054338487429999986e+02 -3.108361194263999892e+02
4.974999999999999978e-01 7.916631289936999565e+02 -3.073236408803999780e+02
