2.499999999999999618e-03 2.783630151226652742e+04 1.356729022525887194e+04
7.499999999999998855e-03 4.530879902497069270e+04 2.239663217962627459e+04
1.250000000000000763e-02 5.400909648177111376e+04 2.677946973860335129e+04
1.749999999999999126e-02 5.539176910487125861e+04 2.744197388544362911e+04
2.250000000000000958e-02 5.230387831537232705e+04 2.583710368595094405e+04
2.750000000000000361e-02 4.704006431045680074e+04 2.314074233621053281e+04
3.249999999999999417e-02 4.126697749556002236e+04 2.020261282475335247e+04
3.750000000000001249e-02 3.600370877755326364e+04 1.753480217852096030e+04
4.250000000000000305e-02 3.173951029264105455e+04 1.537494157057713710e+04
4.749999999999998668e-02 2.852980179158437750e+04 1.374137156859890820e+04
5.249999999999998418e-02 2.620987209864107717e+04 1.254457909066427237e+04
5.749999999999996780e-02 2.449422046362840774e+04 1.164007341386218104e+04
6.250000000000001388e-02 2.307950790683313244e+04 1.088008267231943682e+04
6.750000000000000444e-02 2.171507702993615385e+04 1.014697187779497472e+04
7.249999999999999500e-02 2.024814875208014564e+04 9.372627800929554724e+03
7.749999999999999944e-02 1.863937074506815043e+04 8.542860826799753340e+03
8.249999999999996225e-02 1.694530921989049966e+04 7.686517877869874610e+03
8.750000000000004996e-02 1.527698435713221261e+04 6.854638825791573254e+03
9.249999999999998501e-02 1.375170759693053697e+04 6.098104404688709110e+03
9.750000000000000333e-02 1.245600402850727733e+04 5.451668662196861078e+03
1.024999999999999245e-01 1.142758876099955523e+04 4.927326464513703286e+03
1.074999999999999706e-01 1.065563097482682679e+04 4.515957677459385195e+03
1.125000000000000722e-01 1.009214634494343591e+04 4.193587179135187398e+03
1.174999999999999656e-01 9.667492251253195718e+03 3.928945258826653571e+03
1.225000000000000255e-01 9.306500793330695160e+03 3.690715293662490694e+03
1.274999999999999190e-01 8.943884826761744989e+03 3.453802332608028337e+03
1.325000000000000067e-01 8.536637053217329594e+03 3.203663875890035342e+03
1.375000000000000389e-01 8.070426633875739753e+03 2.937690358762848064e+03
1.424999999999999878e-01 7.557828389566576334e+03 2.663201016621062990e+03
1.474999999999999922e-01 7.029332927879393537e+03 2.392951051119288422e+03
1.524999999999999412e-01 6.521235902999325845e+03 2.140095593243159783e+03
1.575000000000000011e-01 6.064672444076599277e+03 1.914305189133221120e+03
1.625000000000000888e-01 5.678730710613674091e+03 1.719926840029095274e+03
1.675000000000000377e-01 5.368230936927195216e+03 1.556076067946597050e+03
1.724999999999999867e-01 5.125287377150523753e+03 1.418018300902999272e+03
1.774999999999999356e-01 4.933068840012976580e+03 1.299055244482441140e+03
1.824999999999999956e-01 4.771345110953168842e+03 1.192551352674933469e+03
1.875000000000001110e-01 4.620393308166109819e+03 1.093120367060345188e+03
1.925000000000000877e-01 4.464029149015983421e+03 9.972529104958306334e+02
1.974999999999999534e-01 4.292950053290479445e+03 9.036875002043173026e+02
2.024999999999999578e-01 4.106573821008453706e+03 8.131803908775470973e+02
2.075000000000000178e-01 3.911080006487908577e+03 7.274932086473568233e+02
2.125000000000001332e-01 3.715997731064796881e+03 6.483690480220440122e+02
2.174999999999998601e-01 3.530928406183043990e+03 5.768668420197137721e+02
2.224999999999999478e-01 3.363107385528938266e+03 5.131178305901411250e+02
2.274999999999999523e-01 3.216357939305212312e+03 4.564534874270515843e+02
2.325000000000000400e-01 3.091156194942418551e+03 4.057169794501347724e+02
2.375000000000000722e-01 2.985046196720768421e+03 3.595792912414787565e+02
2.424999999999998268e-01 2.893396549424533532e+03 3.168213145179238950e+02
2.474999999999999423e-01 2.810641383399226015e+03 2.765342604684971093e+02
2.525000000000000022e-01 2.731446968612176079e+03 2.381938009218688705e+02
2.575000000000000622e-01 2.651901146557375796e+03 2.016102155169991761e+02
2.625000000000000666e-01 2.569906529608089386e+03 1.667924601795345154e+02
2.674999999999998490e-01 2.485243130154007758e+03 1.337909793927460100e+02
2.725000000000000200e-01 2.399062436503301342e+03 1.025804261781138251e+02
2.775000000000000244e-01 2.313523207364942664e+03 7.298211433887675526e+01
2.825000000000000289e-01 2.230889523678742080e+03 4.467920544995728704e+01
2.875000000000000888e-01 2.153176903401676100e+03 1.725503612692541822e+01
2.924999999999998712e-01 2.081425830773930102e+03 -9.688131026855620220e+00
2.974999999999999867e-01 2.015731200184025738e+03 -3.645866563722736231e+01
3.024999999999999911e-01 1.955383593901833819e+03 -6.322359073183142186e+01
3.074999999999999956e-01 1.899156324812235880e+03 -9.000449788615607360e+01
3.125000000000001110e-01 1.845703869651738842e+03 -1.167160250202581153e+02
3.174999999999998379e-01 1.793721816514437023e+03 -1.431958270487627942e+02
3.225000000000000644e-01 1.742259945201466508e+03 -1.692787847305948219e+02
3.275000000000000133e-01 1.690729135804242787e+03 -1.948266338612433515e+02
3.324999999999999623e-01 1.639010320457481157e+03 -2.197814996643939480e+02
3.375000000000001887e-01 1.587440732690791265e+03 -2.441935684270864897e+02
3.424999999999998601e-01 1.536484380235253184e+03 -2.681633593861942018e+02
3.475000000000001421e-01 1.486669339094355792e+03 -2.918321659059113813e+02
3.524999999999999800e-01 1.438440874399144604e+03 -3.153416248631248209e+02
3.574999999999999289e-01 1.392041492193234262e+03 -3.387928117257579288e+02
3.625000000000002109e-01 1.347571763593805827e+03 -3.622528354064803011e+02
3.674999999999998823e-01 1.304920579787135239e+03 -3.857239014880575496e+02
3.725000000000001643e-01 1.263772742158105075e+03 -4.091369820190533346e+02
3.775000000000000022e-01 1.223816870578478984e+03 -4.324111889732673149e+02
3.824999999999999512e-01 1.184760057917034828e+03 -4.554607108672647087e+02
3.875000000000002331e-01 1.146350302669306302e+03 -4.782049201452598481e+02
3.924999999999999045e-01 1.108454709295587236e+03 -5.005993060221886708e+02
3.975000000000002420e-01 1.071047524547115472e+03 -5.226363788423532242e+02
4.025000000000000244e-01 1.034159770814089825e+03 -5.443313016031237339e+02
4.074999999999998623e-01 9.978669015294622113e+02 -5.657190964826392019e+02
4.125000000000002554e-01 9.622926820296110009e+02 -5.868569325006193367e+02
4.174999999999998712e-01 9.275327058600721557e+02 -6.077952790239502292e+02
4.225000000000002087e-01 8.936265985578097570e+02 -6.285656019609658642e+02
4.275000000000000466e-01 8.605781741886505642e+02 -6.491865231447139877e+02
4.324999999999998845e-01 8.283742951747508414e+02 -6.696701167778652461e+02
4.375000000000002776e-01 7.969599099292803430e+02 -6.900114295730485310e+02
4.424999999999998934e-01 7.662626193689847014e+02 -7.101978525636855011e+02
4.475000000000002309e-01 7.362143649121974249e+02 -7.302176912392636723e+02
4.525000000000000688e-01 7.067589459307406514e+02 -7.500633736661230841e+02
4.574999999999998512e-01 6.778480968577520116e+02 -7.697302946692670957e+02
4.625000000000002998e-01 6.494438276061315491e+02 -7.892178595836763861e+02
4.674999999999999156e-01 6.215268920498033367e+02 -8.085328743236137825e+02
4.725000000000002531e-01 5.941083495704417601e+02 -8.276941234984315088e+02
4.775000000000000910e-01 5.672045302805853453e+02 -8.467220927559910706e+02
4.824999999999998734e-01 5.408253847103358112e+02 -8.656342545594374087e+02
4.875000000000001554e-01 5.149742377537561424e+02 -8.844450260911390842e+02
4.924999999999999378e-01 4.896490775330316296e+02 -9.031660344374486158e+02
4.975000000000003864e-01 4.625586539014249752e+02 -9.171049193376478570e+02
