2.500000000000000052e-03 5.370407724628000142e+04 3.137897685550000097e+04
7.499999999999999722e-03 5.128345724317999702e+04 1.287689340335999987e+04
1.250000000000000069e-02 5.444235199963000196e+04 1.347998914924999917e+04
1.750000000000000167e-02 5.174025501595999958e+04 2.536841699276000145e+04
2.249999999999999917e-02 4.849016275902999769e+04 2.045573593633999917e+04
2.750000000000000014e-02 4.486411180610999872e+04 1.856172690757999953e+04
3.250000000000000111e-02 3.844706805999000062e+04 1.827781293707000077e+04
3.749999999999999861e-02 3.532018131526999787e+04 1.581971115740999994e+04
4.250000000000000305e-02 3.116685471586999847e+04 1.345859543630000007e+04
4.750000000000000056e-02 2.776701908842999910e+04 1.246501470888999938e+04
5.249999999999999806e-02 2.639333862605999821e+04 1.346179055942999912e+04
5.750000000000000250e-02 2.469166127206999954e+04 1.276378618061000088e+04
6.250000000000000000e-02 2.303315950906999933e+04 1.049722679244000028e+04
6.750000000000000444e-02 2.176456558304999999e+04 9.965843648436999501e+03
7.249999999999999500e-02 2.040649340405000112e+04 9.314765378820999103e+03
7.749999999999999944e-02 1.839142015200999958e+04 7.884984490726000331e+03
8.250000000000000389e-02 1.673704471829999966e+04 7.537471135427999798e+03
8.749999999999999445e-02 1.529160458574999939e+04 6.841473069216000113e+03
9.249999999999999889e-02 1.368703929876000075e+04 6.189015474134000215e+03
9.750000000000000333e-02 1.272740389671999947e+04 5.312084520827000233e+03
1.024999999999999939e-01 1.150279481060000035e+04 4.880332369353000104e+03
1.074999999999999983e-01 1.084000573149000047e+04 4.765231619318000412e+03
1.125000000000000028e-01 1.025548015447999933e+04 4.213846450553999603e+03
1.174999999999999933e-01 9.820690160091999132e+03 3.714891738021000037e+03
1.224999999999999978e-01 9.432363909325000350e+03 3.775206822943000134e+03
1.275000000000000022e-01 9.005147986349000348e+03 3.276002335709999898e+03
1.325000000000000067e-01 8.660272316648999549e+03 2.933602278170999853e+03
1.375000000000000111e-01 8.104657677647999662e+03 2.921489648044000205e+03
1.424999999999999878e-01 7.604593383434999851e+03 2.709991621004000081e+03
1.474999999999999922e-01 7.020933802161999665e+03 2.485523568092999994e+03
1.524999999999999967e-01 6.502496920681000120e+03 2.124326823074000004e+03
1.575000000000000011e-01 6.027713858551000158e+03 1.796104058284000075e+03
1.625000000000000056e-01 5.743908027743000275e+03 1.706984538991999898e+03
1.675000000000000100e-01 5.392786718569000186e+03 1.656175189396999940e+03
1.724999999999999867e-01 5.156968110959000114e+03 1.558127561725000078e+03
1.774999999999999911e-01 4.965472311567000361e+03 1.276734960630999922e+03
1.824999999999999956e-01 4.774137018913999782e+03 1.273433849825999914e+03
1.875000000000000000e-01 4.648750352344000021e+03 1.111009430601000076e+03
1.925000000000000044e-01 4.465719753012999718e+03 1.012269264643000042e+03
1.975000000000000089e-01 4.295456284453000080e+03 8.787110195704999569e+02
2.025000000000000133e-01 4.074949806726000133e+03 8.324680006280000271e+02
2.074999999999999900e-01 3.868088702820999970e+03 6.689604509102999828e+02
2.124999999999999944e-01 3.645516367032999824e+03 6.516494623667999804e+02
2.174999999999999989e-01 3.487696519320999869e+03 6.002147120573999928e+02
2.225000000000000033e-01 3.357009492842999862e+03 4.999232112598999720e+02
2.275000000000000078e-01 3.187065363280999918e+03 5.288933175360999712e+02
2.325000000000000122e-01 3.079871250389000124e+03 3.949732044406000000e+02
2.374999999999999889e-01 2.944638063724999938e+03 3.321166189984999733e+02
2.424999999999999933e-01 2.876293829837999965e+03 2.252639059406999991e+02
2.474999999999999978e-01 2.776979245686000013e+03 2.471792550579000078e+02
2.525000000000000022e-01 2.682067286306999904e+03 1.888920395739000071e+02
2.575000000000000067e-01 2.636300856778999787e+03 1.685262140927000019e+02
2.625000000000000111e-01 2.521888041223000073e+03 7.496282988881000620e+01
2.675000000000000155e-01 2.423479706505000195e+03 6.331198565396999811e+01
2.725000000000000200e-01 2.359186352588999853e+03 1.853756579492999990e+01
2.775000000000000244e-01 2.263214407624000160e+03 1.627169609661000038e+01
2.824999999999999734e-01 2.198260696640999868e+03 1.280621892815999985e+01
2.874999999999999778e-01 2.122270585456999925e+03 -1.880302965825000072e+01
2.924999999999999822e-01 2.070229851302000043e+03 1.210199647829000025e+00
2.974999999999999867e-01 2.014172137373999931e+03 -1.593808293827000000e+01
3.024999999999999911e-01 1.945089672889999974e+03 -6.098178924052000127e+01
3.074999999999999956e-01 1.885018346768999891e+03 -6.077887039008000158e+01
3.125000000000000000e-01 1.849671276149000050e+03 -1.243716861693999931e+02
3.175000000000000044e-01 1.784423748296999975e+03 -9.916854140300000608e+01
3.225000000000000089e-01 1.734241928403999964e+03 -1.366191160106999973e+02
3.275000000000000133e-01 1.694948023577999948e+03 -1.089203241265999935e+02
3.325000000000000178e-01 1.641325110020000011e+03 -1.295741373570999997e+02
3.375000000000000222e-01 1.620020821443999921e+03 -1.446884279102000050e+02
3.425000000000000266e-01 1.563379620012000032e+03 -1.783378440294000029e+02
3.474999999999999756e-01 1.528080886163000059e+03 -1.773246482076000063e+02
3.524999999999999800e-01 1.480820344971999930e+03 -1.789344661703999861e+02
3.574999999999999845e-01 1.443955149971000083e+03 -1.788707209773999978e+02
3.624999999999999889e-01 1.414326555621999887e+03 -1.937957218386999898e+02
3.674999999999999933e-01 1.366804949138999973e+03 -2.241704351001000077e+02
3.724999999999999978e-01 1.343110027265000099e+03 -2.260911313688999940e+02
3.775000000000000022e-01 1.312649981821999972e+03 -2.140595754173000103e+02
3.825000000000000067e-01 1.276659917564999887e+03 -2.138990063857999928e+02
3.875000000000000111e-01 1.253486095184000078e+03 -2.192809716440999921e+02
3.925000000000000155e-01 1.221775521347999984e+03 -2.576593348564999815e+02
3.975000000000000200e-01 1.191836386176999895e+03 -2.514564210272999958e+02
4.025000000000000244e-01 1.172666828705999933e+03 -2.515633204501999955e+02
4.074999999999999734e-01 1.138524483080999971e+03 -2.483548275230999991e+02
4.124999999999999778e-01 1.123065080008999985e+03 -2.528793053663999899e+02
4.174999999999999822e-01 1.100382049555000094e+03 -3.081361783031999835e+02
4.224999999999999867e-01 1.068101785870999947e+03 -2.837305239353000275e+02
4.274999999999999911e-01 1.047603160888000048e+03 -2.725290042961000267e+02
4.324999999999999956e-01 1.022108926333999989e+03 -2.807019128174000002e+02
4.375000000000000000e-01 1.005424903629000028e+03 -2.965402454028999841e+02
4.425000000000000044e-01 9.871124165434999895e+02 -2.969321173384000190e+02
4.475000000000000089e-01 9.645793455691999725e+02 -3.031498246251999831e+02
4.525000000000000133e-01 9.537695949085000393e+02 -3.024190149217999988e+02
4.575000000000000178e-01 9.313022780282000213e+02 -3.112453604154999880e+02
4.625000000000000222e-01 9.247407006434999630e+02 -3.189632781747000081e+02
4.675000000000000266e-01 8.847513882230000490e+02 -3.076118038910000223e+02
4.724999999999999756e-01 8.755468070058000194e+02 -3.085867718353999862e+02
4.774999999999999800e-01 8.637948147910000216e+02 -3.123633101093000164e+02
4.824999999999999845e-01 8.426208602018000420e+02 -3.043117770388000167e+02
4.874999999999999889e-01 8.211593581928000276e+02 -3.082881718145999912e+02
4.924999999999999933e-01 8.114392365047999647e+02 -3.236972320689000071e+02
4.974999999999999978e-01 7.934980750444999558e+02 -3.326814494024999931e+02
