2.499999999999999618e-03 2.928817795647000457e+04 3.069536067979998552e+04
7.499999999999998855e-03 4.713094394165999984e+04 7.925484655049996036e+03
1.250000000000000763e-02 4.547528363725997770e+04 7.993320292987997391e+02
1.749999999999999126e-02 5.409333145468003204e+04 2.050477315236000140e+04
2.250000000000000958e-02 5.348315182708998327e+04 2.287369998082000893e+04
2.750000000000000361e-02 4.842174871485002222e+04 1.798781585283999812e+04
3.249999999999999417e-02 4.178994857131000754e+04 1.718390200815000571e+04
3.750000000000001249e-02 3.708233021935000579e+04 1.646498702821999905e+04
4.250000000000000305e-02 3.170999190393997560e+04 1.515524873733000641e+04
4.749999999999998668e-02 2.837119229495001127e+04 1.082868472892000318e+04
5.249999999999998418e-02 2.649198917149999397e+04 1.293247125336000499e+04
5.749999999999996780e-02 2.456204625875999045e+04 1.298655447874999663e+04
6.250000000000001388e-02 2.243313410331001069e+04 1.127128897481999775e+04
6.750000000000000444e-02 2.137741628217999823e+04 1.107602693925000312e+04
7.249999999999999500e-02 2.032870097367000199e+04 8.883214507951999622e+03
7.749999999999999944e-02 1.841933898865000083e+04 8.793524656063002112e+03
8.249999999999996225e-02 1.691526617918999546e+04 6.693111877019003259e+03
8.750000000000004996e-02 1.521768781243999911e+04 6.798829157284996654e+03
9.249999999999998501e-02 1.422927988166999421e+04 6.202162613157998749e+03
9.750000000000000333e-02 1.237767115656000351e+04 5.238992330572999890e+03
1.024999999999999245e-01 1.156849022638999850e+04 5.210384902156002681e+03
1.074999999999999706e-01 1.073263922353000089e+04 4.373504719940000541e+03
1.125000000000000722e-01 1.010709061171000394e+04 4.046455113177000385e+03
1.174999999999999656e-01 9.686462930019997657e+03 4.200650088045998018e+03
1.225000000000000255e-01 9.388979068508997443e+03 3.614753233819999878e+03
1.274999999999999190e-01 9.035762600877998921e+03 3.918219027027999346e+03
1.325000000000000067e-01 8.529708656832002816e+03 3.170577004792998196e+03
1.375000000000000389e-01 8.152460758217006514e+03 3.022809890803000144e+03
1.424999999999999878e-01 7.446452052708997144e+03 2.536801748642001257e+03
1.474999999999999922e-01 7.056930026185000315e+03 2.166794336596000903e+03
1.524999999999999412e-01 6.463319982433997211e+03 2.271444051988999490e+03
1.575000000000000011e-01 5.985448552077999011e+03 1.909898359633001064e+03
1.625000000000000888e-01 5.668659506719997808e+03 1.827130343965000748e+03
1.675000000000000377e-01 5.332235270193998076e+03 1.540347578998000472e+03
1.724999999999999867e-01 5.140499888049999754e+03 1.621424678557001016e+03
1.774999999999999356e-01 4.899696857321000607e+03 1.239542496409999785e+03
1.824999999999999956e-01 4.780816677234998679e+03 1.288523403318999272e+03
1.875000000000001110e-01 4.617475037391999649e+03 1.160092693716999520e+03
1.925000000000000877e-01 4.466720354629000212e+03 9.280513173532000337e+02
1.974999999999999534e-01 4.316641059982999650e+03 9.544114878489004923e+02
2.024999999999999578e-01 4.096004950195000674e+03 9.780609599807005452e+02
2.075000000000000178e-01 3.911406806338001843e+03 7.289882198407004807e+02
2.125000000000001332e-01 3.722245483853999303e+03 6.340498633672001461e+02
2.174999999999998601e-01 3.530630746004999764e+03 6.334564465124999515e+02
2.224999999999999478e-01 3.363179788368998743e+03 4.502197254053999700e+02
2.274999999999999523e-01 3.237302220773998215e+03 4.621204121589998408e+02
2.325000000000000400e-01 3.077627239368999199e+03 4.060852735504998350e+02
2.375000000000000722e-01 2.962464987196998663e+03 3.068899622988999454e+02
2.424999999999998268e-01 2.895674228404001042e+03 2.936515778737999085e+02
2.474999999999999423e-01 2.831246661670001231e+03 2.801628839396998956e+02
2.525000000000000022e-01 2.738973171863999141e+03 2.579425772089999214e+02
2.575000000000000622e-01 2.654294355709999309e+03 1.708823162763999051e+02
2.625000000000000666e-01 2.592979689536001388e+03 1.552561923898999510e+02
2.674999999999998490e-01 2.455515072051999596e+03 5.938104184454003587e+01
2.725000000000000200e-01 2.402116147086000183e+03 1.528605895047000445e+02
2.775000000000000244e-01 2.302380091009000353e+03 8.356475970578999579e+01
2.825000000000000289e-01 2.219162731560999873e+03 5.950757345109997232e+01
2.875000000000000888e-01 2.144538297729000988e+03 -3.283407973113999390e+01
2.924999999999998712e-01 2.089305641127999024e+03 3.257418485860999624e+01
2.974999999999999867e-01 2.027783875675999525e+03 1.653177868700000985e+01
3.024999999999999911e-01 1.956289960351000218e+03 -8.217769190889995912e+00
3.074999999999999956e-01 1.910363910937998753e+03 -3.961843451664998383e+01
3.125000000000001110e-01 1.874364589153999532e+03 -4.855197798217999861e+01
3.174999999999998379e-01 1.816653895682999519e+03 -5.983736435296997769e+01
3.225000000000000644e-01 1.771590116108000757e+03 -8.994751798060997316e+01
3.275000000000000133e-01 1.721448205941999504e+03 -1.243273784603000678e+02
3.324999999999999623e-01 1.685109845520999443e+03 -1.497910029308999924e+02
3.375000000000001887e-01 1.644151987274000021e+03 -1.613078439475000891e+02
3.424999999999998601e-01 1.601887030572999493e+03 -1.613812128328999620e+02
3.475000000000001421e-01 1.567229411467000546e+03 -1.497386316964999367e+02
3.524999999999999800e-01 1.502479729404000864e+03 -1.844799155185000643e+02
3.574999999999999289e-01 1.462709371288000739e+03 -1.634959858675000817e+02
3.625000000000002109e-01 1.431866494935000446e+03 -2.011474119658999484e+02
3.674999999999998823e-01 1.397927536850000024e+03 -1.908229142172999389e+02
3.725000000000001643e-01 1.371649366410999619e+03 -2.274190965892998975e+02
3.775000000000000022e-01 1.320678407379000191e+03 -2.181776716317999671e+02
3.824999999999999512e-01 1.315487689610000416e+03 -2.439231655317001355e+02
3.875000000000002331e-01 1.277615806171000258e+03 -2.495502830512000969e+02
3.924999999999999045e-01 1.243870789789000355e+03 -2.370009376600998792e+02
3.975000000000002420e-01 1.232535588401000041e+03 -2.457581404571001258e+02
4.025000000000000244e-01 1.192240376852999589e+03 -2.560429644126998596e+02
4.074999999999998623e-01 1.166142374901000039e+03 -2.729347711277000030e+02
4.125000000000002554e-01 1.130078844989000117e+03 -2.467188270343997942e+02
4.174999999999998712e-01 1.117495371129999967e+03 -2.798483981315998221e+02
4.225000000000002087e-01 1.087880246114000101e+03 -2.661009246734999465e+02
4.275000000000000466e-01 1.055569783701000006e+03 -2.792938436070000989e+02
4.324999999999998845e-01 1.040083736139999701e+03 -2.747158240364000790e+02
4.375000000000002776e-01 1.016363559091999718e+03 -2.914117860479000228e+02
4.424999999999998934e-01 1.001917000098000472e+03 -2.914469854456000917e+02
4.475000000000002309e-01 9.781896002693998753e+02 -2.905065235153001595e+02
4.525000000000000688e-01 9.666727665434996197e+02 -2.943561950143001127e+02
4.574999999999998512e-01 9.419002309536004987e+02 -2.896493523362999554e+02
4.625000000000002998e-01 9.254572741989995848e+02 -3.151121066480001218e+02
4.674999999999999156e-01 9.100389005511999585e+02 -3.037911348915001213e+02
4.725000000000002531e-01 8.926258421554997540e+02 -3.074461610704000236e+02
4.775000000000000910e-01 8.718875107256998263e+02 -2.997523925250000048e+02
4.824999999999998734e-01 8.546632209534002413e+02 -3.257129416079000634e+02
4.875000000000001554e-01 8.373265537326999493e+02 -2.964424268247000214e+02
4.924999999999999378e-01 8.195516234981996604e+02 -3.357682944770000404e+02
4.975000000000003864e-01 8.062330410388997279e+02 -3.099917040424998618e+02
