2.500000000000000052e-03 3.704954737492999993e+04 2.443034311182999954e+04
7.499999999999999722e-03 5.090764400298999681e+04 1.571650377135999952e+04
1.250000000000000069e-02 5.551344587445000070e+04 1.808213936616000137e+04
1.750000000000000167e-02 5.398408595308000076e+04 1.441399691091000022e+04
2.249999999999999917e-02 5.144194378126000083e+04 2.111979913176999980e+04
2.750000000000000014e-02 4.589316207959000167e+04 1.834427053071000046e+04
3.250000000000000111e-02 3.991137724917000014e+04 1.533808839513000021e+04
3.749999999999999861e-02 3.522670507984999858e+04 1.968362710549999974e+04
4.250000000000000305e-02 3.145538726790999863e+04 1.431381814395999936e+04
4.750000000000000056e-02 2.707139349290999962e+04 1.227899492318999910e+04
5.249999999999999806e-02 2.506211749639999834e+04 1.076134726346000025e+04
5.750000000000000250e-02 2.357709581768000135e+04 8.946117394165999940e+03
6.250000000000000000e-02 2.254924072302000059e+04 8.943754763151999214e+03
6.750000000000000444e-02 2.120255470620000051e+04 8.641803815679000763e+03
7.249999999999999500e-02 1.956123236502000145e+04 9.007603985319999992e+03
7.749999999999999944e-02 1.832404018215000178e+04 7.785039719610999782e+03
8.250000000000000389e-02 1.656581843704000130e+04 6.935247948367999925e+03
8.749999999999999445e-02 1.498862771733999944e+04 6.726268756563000352e+03
9.249999999999999889e-02 1.342107613167000090e+04 5.396593560833000083e+03
9.750000000000000333e-02 1.219340526961999967e+04 4.770170007695000095e+03
1.024999999999999939e-01 1.140477990210999997e+04 4.496467802432000099e+03
1.074999999999999983e-01 1.073142242344000078e+04 4.162796155300999999e+03
1.125000000000000028e-01 1.003107321695999963e+04 3.737095785686999989e+03
1.174999999999999933e-01 9.661281338233999122e+03 3.833804220374000124e+03
1.224999999999999978e-01 9.192550259555999219e+03 3.525861261748999823e+03
1.275000000000000022e-01 8.614921392309999646e+03 3.463235107682000034e+03
1.325000000000000067e-01 8.330397616563999691e+03 3.050011904948999927e+03
1.375000000000000111e-01 7.942106666546000270e+03 2.766361379030000080e+03
1.424999999999999878e-01 7.405034445651000169e+03 2.365317573496000023e+03
1.474999999999999922e-01 7.134115190751999762e+03 2.573729581808000148e+03
1.524999999999999967e-01 6.624232764622999639e+03 2.408558658848000050e+03
1.575000000000000011e-01 6.175976473114999862e+03 1.997481830403000004e+03
1.625000000000000056e-01 5.771176924940999925e+03 1.724973202023000113e+03
1.675000000000000100e-01 5.423126742970000123e+03 1.661627311661000022e+03
1.724999999999999867e-01 5.193666044968000278e+03 1.560803954479999902e+03
1.774999999999999911e-01 4.989481580208999731e+03 1.533464096379000011e+03
1.824999999999999956e-01 4.898119779138999547e+03 1.275523939811999981e+03
1.875000000000000000e-01 4.641847678725000151e+03 1.140887856545999966e+03
1.925000000000000044e-01 4.457742355151999618e+03 1.044199840910999910e+03
1.975000000000000089e-01 4.338186591061000399e+03 9.472282909834000293e+02
2.025000000000000133e-01 4.111198902766000174e+03 8.477257555823000530e+02
2.074999999999999900e-01 3.888997542376000183e+03 8.037951803306999636e+02
2.124999999999999944e-01 3.781707741309000085e+03 8.313347875112000338e+02
2.174999999999999989e-01 3.634765111348000119e+03 6.070194226561000050e+02
2.225000000000000033e-01 3.445025929834000181e+03 4.709850081403999980e+02
2.275000000000000078e-01 3.322009678213999905e+03 4.704442240533999779e+02
2.325000000000000122e-01 3.151109882237999955e+03 4.440962444615000209e+02
2.374999999999999889e-01 3.062267606973000056e+03 3.445378798341000106e+02
2.424999999999999933e-01 2.977921975408999970e+03 3.162623814497000012e+02
2.474999999999999978e-01 2.866232593766999798e+03 2.764312935246999814e+02
2.525000000000000022e-01 2.771114808061000076e+03 2.624412827301999869e+02
2.575000000000000067e-01 2.668066311166000105e+03 2.074270798645999889e+02
2.625000000000000111e-01 2.591395844690000104e+03 1.369201675845999944e+02
2.675000000000000155e-01 2.517578180025000165e+03 3.755065496406999870e+01
2.725000000000000200e-01 2.422932052937000208e+03 1.227805648485000063e+02
2.775000000000000244e-01 2.335343010304000018e+03 6.130212846101999702e+01
2.824999999999999734e-01 2.269101021541000136e+03 7.681061353098000666e+01
2.874999999999999778e-01 2.186145908382000016e+03 5.408655540096999914e+01
2.924999999999999822e-01 2.099138330851999854e+03 7.407014357317000020e+01
2.974999999999999867e-01 2.057406580563999796e+03 -4.621672295094000305e+01
3.024999999999999911e-01 2.003822283706000007e+03 -6.218663480168000035e+01
3.074999999999999956e-01 1.946142783121000093e+03 -5.592769707152000080e+01
3.125000000000000000e-01 1.882952182936000099e+03 -7.862328205050999941e+01
3.175000000000000044e-01 1.837487579401999938e+03 -6.256523916022000265e+01
3.225000000000000089e-01 1.779591706953000084e+03 -1.036016154241000038e+02
3.275000000000000133e-01 1.764491137410999954e+03 -1.069174443179000065e+02
3.325000000000000178e-01 1.709584033371000032e+03 -1.083794077319000024e+02
3.375000000000000222e-01 1.666511810860999958e+03 -1.248009723355999938e+02
3.425000000000000266e-01 1.616807167091000110e+03 -1.443237618512999916e+02
3.474999999999999756e-01 1.569706983182999920e+03 -1.471354496501000142e+02
3.524999999999999800e-01 1.538275421464999908e+03 -1.852222904047000043e+02
3.574999999999999845e-01 1.485661085193999952e+03 -1.936858408029000032e+02
3.624999999999999889e-01 1.459241181813999901e+03 -1.930325921476000133e+02
3.674999999999999933e-01 1.422648825675999888e+03 -2.121373991961999934e+02
3.724999999999999978e-01 1.388600022599000113e+03 -2.177620661596000105e+02
3.775000000000000022e-01 1.354286283595999976e+03 -2.026318207683999901e+02
3.825000000000000067e-01 1.322668251700999917e+03 -2.158579211692000115e+02
3.875000000000000111e-01 1.290537130034000029e+03 -2.202460865527000067e+02
3.925000000000000155e-01 1.271745972898999980e+03 -2.469287676598999894e+02
3.975000000000000200e-01 1.258500200102000008e+03 -2.574223165344999984e+02
4.025000000000000244e-01 1.207434266563999927e+03 -2.364917745243000127e+02
4.074999999999999734e-01 1.177128753631000109e+03 -2.324260444759999871e+02
4.124999999999999778e-01 1.161701422254999898e+03 -2.880419596862000162e+02
4.174999999999999822e-01 1.149814856356000064e+03 -2.985920781163999891e+02
4.224999999999999867e-01 1.116630384895999896e+03 -2.928243337626000198e+02
4.274999999999999911e-01 1.082782310999999936e+03 -3.036928445771999918e+02
4.324999999999999956e-01 1.054832959339999888e+03 -2.728754997655000238e+02
4.375000000000000000e-01 1.043905362774999958e+03 -2.885539210196000113e+02
4.425000000000000044e-01 1.027784841698000037e+03 -3.274242666380999935e+02
4.475000000000000089e-01 9.992224320533999844e+02 -2.788951037613999802e+02
4.525000000000000133e-01 9.844957314035000309e+02 -2.877974731136000059e+02
4.575000000000000178e-01 9.489531899615000157e+02 -2.814825578347000032e+02
4.625000000000000222e-01 9.348649437381000098e+02 -2.889444097306000003e+02
4.675000000000000266e-01 9.287750774277000119e+02 -2.910848856261999913e+02
4.724999999999999756e-01 9.028783681938999734e+02 -2.941501240342000187e+02
4.774999999999999800e-01 8.843781397645999505e+02 -3.144203294103999724e+02
4.824999999999999845e-01 8.606091533285999731e+02 -3.114189826996999955e+02
4.874999999999999889e-01 8.407766286406999825e+02 -3.231647658794000222e+02
4.924999999999999933e-01 8.378075766199999634e+02 -3.104421101259000011e+02
4.974999999999999978e-01 8.275310472904000108e+02 -3.137246686207000153e+02
