2.500000000000000052e-03 3.702915623041999788e+04 2.457944471903000158e+04
7.499999999999999722e-03 4.561322388129000319e+04 1.538943949624999914e+04
1.250000000000000069e-02 5.323819411866999872e+04 1.270778868463999970e+04
1.750000000000000167e-02 4.860035218668000016e+04 2.112472939448000034e+04
2.249999999999999917e-02 4.911977678018999723e+04 2.082333144289999836e+04
2.750000000000000014e-02 4.636316901409000275e+04 1.889676268764999986e+04
3.250000000000000111e-02 3.926329516745999717e+04 2.005607451437000054e+04
3.749999999999999861e-02 3.496449566166000295e+04 1.488897578629000054e+04
4.250000000000000305e-02 3.092807802182999876e+04 1.524540893271999994e+04
4.750000000000000056e-02 2.849282573648999823e+04 1.452833828612000070e+04
5.249999999999999806e-02 2.654343335728999955e+04 1.342393460575000063e+04
5.750000000000000250e-02 2.467592615166999894e+04 1.078898037368000041e+04
6.250000000000000000e-02 2.267217755476000093e+04 1.145510018049999962e+04
6.750000000000000444e-02 2.150584169522999946e+04 9.977747027170000365e+03
7.249999999999999500e-02 2.021602864878000037e+04 8.754607476118000704e+03
7.749999999999999944e-02 1.850398847222000040e+04 7.973986602549999589e+03
8.250000000000000389e-02 1.686755601825999838e+04 7.541236044743000093e+03
8.749999999999999445e-02 1.510572254830000020e+04 7.063328939474999970e+03
9.249999999999999889e-02 1.360924994705999961e+04 6.120186443829999916e+03
9.750000000000000333e-02 1.233748238124000090e+04 5.358257705211000030e+03
1.024999999999999939e-01 1.126929304283000056e+04 5.417292265211000085e+03
1.074999999999999983e-01 1.090088614851999955e+04 4.670609143597999719e+03
1.125000000000000028e-01 1.018671108943999934e+04 4.369001747729000272e+03
1.174999999999999933e-01 9.545363322258999688e+03 3.766961127424000097e+03
1.224999999999999978e-01 9.308510059995000120e+03 3.555035012791000099e+03
1.275000000000000022e-01 8.992566624162000153e+03 3.508633749878999879e+03
1.325000000000000067e-01 8.546890128203000131e+03 3.353703206364999915e+03
1.375000000000000111e-01 7.998782428720000098e+03 2.908005445134000183e+03
1.424999999999999878e-01 7.561601981343999796e+03 2.613244287457000155e+03
1.474999999999999922e-01 7.010781219896999573e+03 2.445454412654999942e+03
1.524999999999999967e-01 6.503746613358999639e+03 2.144327952729000117e+03
1.575000000000000011e-01 6.090909164376999797e+03 1.936743325959000003e+03
1.625000000000000056e-01 5.721640152339999986e+03 1.793983279412000002e+03
1.675000000000000100e-01 5.376599257294999916e+03 1.706816410472999905e+03
1.724999999999999867e-01 5.105455724071000077e+03 1.425976533540999981e+03
1.774999999999999911e-01 4.938033265338000092e+03 1.395466571856999963e+03
1.824999999999999956e-01 4.758876879188000203e+03 1.215937882135000109e+03
1.875000000000000000e-01 4.621578594839999823e+03 1.113563325445999908e+03
1.925000000000000044e-01 4.468842819364999741e+03 9.539804875127000514e+02
1.975000000000000089e-01 4.259491748833000202e+03 8.715002491730000429e+02
2.025000000000000133e-01 4.085238225759000215e+03 8.299246558321999601e+02
2.074999999999999900e-01 3.886606351312999777e+03 6.055053774647999489e+02
2.124999999999999944e-01 3.677682289184000183e+03 5.950792800863999901e+02
2.174999999999999989e-01 3.518007013594999989e+03 5.108817474867000215e+02
2.225000000000000033e-01 3.315372968365999895e+03 4.887959650912999905e+02
2.275000000000000078e-01 3.226055332900999929e+03 4.787940107502000160e+02
2.325000000000000122e-01 3.089630683236000095e+03 4.308980574915000261e+02
2.374999999999999889e-01 2.955503010000999893e+03 3.258860965708000208e+02
2.424999999999999933e-01 2.853889496269000119e+03 3.075883287469000038e+02
2.474999999999999978e-01 2.773924877572999776e+03 2.423643073897000022e+02
2.525000000000000022e-01 2.676601567766999779e+03 2.668031513586000187e+02
2.575000000000000067e-01 2.614889328801999909e+03 1.959756831013999943e+02
2.625000000000000111e-01 2.535234251123999911e+03 1.914018001288999926e+02
2.675000000000000155e-01 2.422708016816000054e+03 1.682743653100999950e+02
2.725000000000000200e-01 2.354853301506000207e+03 8.095860628219999455e+01
2.775000000000000244e-01 2.284496179102000042e+03 7.085979094991000693e+01
2.824999999999999734e-01 2.202784515128999828e+03 6.472290618476000645e+01
2.874999999999999778e-01 2.126121724724000160e+03 1.294833632801999990e+01
2.924999999999999822e-01 2.046127417813999955e+03 -4.407327179771000303e+00
2.974999999999999867e-01 1.973212202423999997e+03 -5.173455063397000231e+01
3.024999999999999911e-01 1.915108936232999895e+03 -7.803576140120000559e+01
3.074999999999999956e-01 1.873357251717000054e+03 -8.036042001344000596e+01
3.125000000000000000e-01 1.827705077697999968e+03 -9.297851321585000051e+01
3.175000000000000044e-01 1.773235533090999979e+03 -6.877102462844000286e+01
3.225000000000000089e-01 1.735668597507999948e+03 -1.113872115254000050e+02
3.275000000000000133e-01 1.701781319508000024e+03 -1.412270307000999878e+02
3.325000000000000178e-01 1.655015231467999911e+03 -1.083323966003000010e+02
3.375000000000000222e-01 1.610160636179999983e+03 -1.651247809269000015e+02
3.425000000000000266e-01 1.548157500626999990e+03 -1.855782519997999884e+02
3.474999999999999756e-01 1.511507789175999960e+03 -1.729299954201999867e+02
3.524999999999999800e-01 1.467438391763000027e+03 -2.077766703794999898e+02
3.574999999999999845e-01 1.452782331925000108e+03 -2.282868912774999899e+02
3.624999999999999889e-01 1.412451005136000049e+03 -1.838321787012999948e+02
3.674999999999999933e-01 1.373417421049000041e+03 -1.976191060721999975e+02
3.724999999999999978e-01 1.342657630460000064e+03 -2.280175316200999873e+02
3.775000000000000022e-01 1.302221989229999963e+03 -2.138987730227999862e+02
3.825000000000000067e-01 1.275654916055000058e+03 -2.059632675247000009e+02
3.875000000000000111e-01 1.255718381663999935e+03 -2.553474206132000006e+02
3.925000000000000155e-01 1.223728073768000058e+03 -2.580814213204999987e+02
3.975000000000000200e-01 1.189449097808000033e+03 -2.617333072546999801e+02
4.025000000000000244e-01 1.171556225476999998e+03 -2.505587396603000059e+02
4.074999999999999734e-01 1.148681643115000043e+03 -2.512664649831999952e+02
4.124999999999999778e-01 1.129048710719999917e+03 -2.584816201189000253e+02
4.174999999999999822e-01 1.094371265777999952e+03 -2.559763611285999900e+02
4.224999999999999867e-01 1.066104011681999964e+03 -2.502779147736000027e+02
4.274999999999999911e-01 1.051841169968000031e+03 -2.580824587768000242e+02
4.324999999999999956e-01 1.037785311078999939e+03 -2.735709580361000235e+02
4.375000000000000000e-01 1.006475120205000053e+03 -2.753898270875000094e+02
4.425000000000000044e-01 9.956435090997999851e+02 -2.979896356680000054e+02
4.475000000000000089e-01 9.732170162616999960e+02 -2.880934274562999917e+02
4.525000000000000133e-01 9.421779415057000051e+02 -2.708974043005999874e+02
4.575000000000000178e-01 9.307783628188999501e+02 -3.118082689661000018e+02
4.625000000000000222e-01 9.084598673857999529e+02 -3.083421466235000139e+02
4.675000000000000266e-01 8.883738736919999610e+02 -3.261024535843000081e+02
4.724999999999999756e-01 8.625203379091999523e+02 -2.978947557359999792e+02
4.774999999999999800e-01 8.477199697956999671e+02 -3.144281961532000196e+02
4.824999999999999845e-01 8.393266193654000062e+02 -3.083610359122000091e+02
4.874999999999999889e-01 8.077951975672999652e+02 -3.054989078657999926e+02
4.924999999999999933e-01 8.061155974416000163e+02 -3.260294088838999755e+02
4.974999999999999978e-01 7.840233631738000213e+02 -3.153698441309999794e+02
