2.500000000000000052e-03 4.152906597026000236e+04 1.146613233779999973e+04
7.499999999999999722e-03 5.174830504248999932e+04 2.441713806313999885e+04
1.250000000000000069e-02 5.731289803173000109e+04 1.197639052699999957e+04
1.750000000000000167e-02 5.731927295492000121e+04 1.654172391346999939e+04
2.249999999999999917e-02 5.259469017213999905e+04 2.383432051186999888e+04
2.750000000000000014e-02 4.534207568993000314e+04 1.974571101362999980e+04
3.250000000000000111e-02 4.119867080942000030e+04 1.583496690182000020e+04
3.749999999999999861e-02 3.580786068651999813e+04 1.398793774244000087e+04
4.250000000000000305e-02 3.160796423142999993e+04 1.380662456510999982e+04
4.750000000000000056e-02 2.868690031779000128e+04 1.246996728599999915e+04
5.249999999999999806e-02 2.642317482661000031e+04 1.189646764167000038e+04
5.750000000000000250e-02 2.360181587634999960e+04 1.236741175601999930e+04
6.250000000000000000e-02 2.217312428056000135e+04 9.081701962002000073e+03
6.750000000000000444e-02 2.140715673704000073e+04 8.980062811261999741e+03
7.249999999999999500e-02 1.977403619015000004e+04 9.802466339246999269e+03
7.749999999999999944e-02 1.818343985883999994e+04 8.428045673186999920e+03
8.250000000000000389e-02 1.707049695326000074e+04 6.599480950711000332e+03
8.749999999999999445e-02 1.534284542058999978e+04 6.787371150191000197e+03
9.249999999999999889e-02 1.375219337618999998e+04 6.367771665272999599e+03
9.750000000000000333e-02 1.261827518663000046e+04 5.670062913769000261e+03
1.024999999999999939e-01 1.167157974049000040e+04 5.464526983574000042e+03
1.074999999999999983e-01 1.073602195553999991e+04 5.017877973970000312e+03
1.125000000000000028e-01 1.013037428999999975e+04 4.610532752944000094e+03
1.174999999999999933e-01 9.768795341880999331e+03 4.061803733679999823e+03
1.224999999999999978e-01 9.269483940071000688e+03 3.771856193527999949e+03
1.275000000000000022e-01 8.980994803552999656e+03 3.447112750956000127e+03
1.325000000000000067e-01 8.482006002201000229e+03 3.256843333262000215e+03
1.375000000000000111e-01 8.079824194161999912e+03 2.887670084675999988e+03
1.424999999999999878e-01 7.476242942202000449e+03 2.469851527497000006e+03
1.474999999999999922e-01 6.876958453328000360e+03 2.496937975372999972e+03
1.524999999999999967e-01 6.539359753347999686e+03 2.042111977896000099e+03
1.575000000000000011e-01 6.108012434231000043e+03 1.783775666529000091e+03
1.625000000000000056e-01 5.677664185984999676e+03 1.866587450081000043e+03
1.675000000000000100e-01 5.408242261780999797e+03 1.632260939413999949e+03
1.724999999999999867e-01 5.154439736493999590e+03 1.328277076408000084e+03
1.774999999999999911e-01 4.910654829418999725e+03 1.370660184440999956e+03
1.824999999999999956e-01 4.719615025799000250e+03 1.106987905963999992e+03
1.875000000000000000e-01 4.610167878750000455e+03 1.050447311152000111e+03
1.925000000000000044e-01 4.444592415987999630e+03 1.021115252607999992e+03
1.975000000000000089e-01 4.261381760676000340e+03 9.043745893548000367e+02
2.025000000000000133e-01 4.088188589710000088e+03 6.070094857284999534e+02
2.074999999999999900e-01 3.908260844704000192e+03 6.220139358574000426e+02
2.124999999999999944e-01 3.716577996344999974e+03 6.324467917952000562e+02
2.174999999999999989e-01 3.534864273702999981e+03 6.265229900243999737e+02
2.225000000000000033e-01 3.329142759843000022e+03 5.403072419627000045e+02
2.275000000000000078e-01 3.185488864832000218e+03 4.581938294575999748e+02
2.325000000000000122e-01 3.035002805664999869e+03 4.393399990638999952e+02
2.374999999999999889e-01 2.959804830116000176e+03 4.091407941252999763e+02
2.424999999999999933e-01 2.845721828704000018e+03 3.089645135301000209e+02
2.474999999999999978e-01 2.745591144393999912e+03 2.600132393113000262e+02
2.525000000000000022e-01 2.697693446729999778e+03 1.116045831060999944e+02
2.575000000000000067e-01 2.608977159113000198e+03 1.052795977905000058e+02
2.625000000000000111e-01 2.537211492486000225e+03 8.705816520605999642e+01
2.675000000000000155e-01 2.450989868477000073e+03 4.500546341614000312e+01
2.725000000000000200e-01 2.341589109825999913e+03 6.885631975676000138e+01
2.775000000000000244e-01 2.242111644742999943e+03 8.207835262956000122e+01
2.824999999999999734e-01 2.181785497541000041e+03 6.417942588022999928e+01
2.874999999999999778e-01 2.128691858874999980e+03 1.294122477870999965e+01
2.924999999999999822e-01 2.077765357199999926e+03 -4.142365948679000098e+01
2.974999999999999867e-01 2.024063465171999951e+03 -2.502541991832000079e+01
3.024999999999999911e-01 1.932172316564000084e+03 1.084943183168999958e+01
3.074999999999999956e-01 1.877616529833999948e+03 -2.665856860690999852e+01
3.125000000000000000e-01 1.832510777386999962e+03 -9.345863848735000090e+01
3.175000000000000044e-01 1.796452552891000096e+03 -1.160043790116999958e+02
3.225000000000000089e-01 1.742199563830999978e+03 -1.351115242003999981e+02
3.275000000000000133e-01 1.691189294262999965e+03 -1.448568778167000062e+02
3.325000000000000178e-01 1.670927493287000061e+03 -1.707915550662000044e+02
3.375000000000000222e-01 1.620011032400999966e+03 -1.543981913858000041e+02
3.425000000000000266e-01 1.559827780415999996e+03 -1.652774188097000092e+02
3.474999999999999756e-01 1.485557472739000104e+03 -1.650558397853999963e+02
3.524999999999999800e-01 1.462059472652000068e+03 -1.661167307661000052e+02
3.574999999999999845e-01 1.452569337564000080e+03 -1.979602531172000113e+02
3.624999999999999889e-01 1.411317231772000014e+03 -1.775959110898999995e+02
3.674999999999999933e-01 1.384685132194000062e+03 -1.964391498194000008e+02
3.724999999999999978e-01 1.348540486862000080e+03 -2.219944708518999903e+02
3.775000000000000022e-01 1.331301075240000046e+03 -2.677901397823000025e+02
3.825000000000000067e-01 1.287815353941000012e+03 -2.381053008501999955e+02
3.875000000000000111e-01 1.259355752544000097e+03 -2.607129159089000154e+02
3.925000000000000155e-01 1.242728739692000090e+03 -2.809128921000000219e+02
3.975000000000000200e-01 1.205257115655999996e+03 -2.577062640975000249e+02
4.025000000000000244e-01 1.177405079806000003e+03 -2.621760602394999751e+02
4.074999999999999734e-01 1.145852959828999929e+03 -2.870242448490000129e+02
4.124999999999999778e-01 1.114229902278000054e+03 -2.679480187666999882e+02
4.174999999999999822e-01 1.105069886932999907e+03 -2.662689118480000161e+02
4.224999999999999867e-01 1.075308082627999966e+03 -2.715192817646000094e+02
4.274999999999999911e-01 1.047865405911999915e+03 -2.573806753555999762e+02
4.324999999999999956e-01 1.029738560725000070e+03 -2.655964436141999840e+02
4.375000000000000000e-01 1.009952003948999959e+03 -2.888979041348000010e+02
4.425000000000000044e-01 9.822851170778000096e+02 -2.748394647619999773e+02
4.475000000000000089e-01 9.713267652406000252e+02 -2.977919407132000060e+02
4.525000000000000133e-01 9.454149479768000219e+02 -2.958801669093999749e+02
4.575000000000000178e-01 9.307847608355999682e+02 -2.995362607966000041e+02
4.625000000000000222e-01 9.106267650240999956e+02 -3.192475317043999894e+02
4.675000000000000266e-01 8.998463334266000402e+02 -3.041038712480000186e+02
4.724999999999999756e-01 8.787959028832000286e+02 -3.124973352600999874e+02
4.774999999999999800e-01 8.611830858879000061e+02 -3.225007487500000138e+02
4.824999999999999845e-01 8.378428836209000110e+02 -3.059942400970999756e+02
4.874999999999999889e-01 8.260568091395999772e+02 -3.168796039974999985e+02
4.924999999999999933e-01 8.060940760370999669e+02 -3.137812764468000069e+02
4.974999999999999978e-01 7.871717246617999990e+02 -3.291036662170000113e+02
