1.003946407366977092e-04
1.013017664335231854e-04
1.022170885542194999e-04
1.031406811583845170e-04
1.040726189747887985e-04
1.050129774074222541e-04
1.059618325415947841e-04
1.069192611500928539e-04
1.078853406993908064e-04
1.088601493559191911e-04
1.098437659923888471e-04
1.108362701941729782e-04
1.118377422657461210e-04
1.128482632371820125e-04
1.138679148707093946e-04
1.148967796673279788e-04
1.159349408734831329e-04
1.169824824878019757e-04
1.180394892678892640e-04
1.191060467371857169e-04
1.201822411918873265e-04
1.212681597079280670e-04
1.223638901480249589e-04
1.234695211687875354e-04
1.245851422278905442e-04
1.257108435913127046e-04
1.268467163406396226e-04
1.279928523804339260e-04
1.291493444456705600e-04
1.303162861092409849e-04
1.314937717895232915e-04
1.326818967580225476e-04
1.338807571470786075e-04
1.350904499576448833e-04
1.363110730671361799e-04
1.375427252373486830e-04
1.387855061224501773e-04
1.400395162770438808e-04
1.413048571643037567e-04
1.425816311641846332e-04
1.438699415817051570e-04
1.451698926553070452e-04
1.464815895652884711e-04
1.478051384423147803e-04
1.491406463760052629e-04
1.504882214235982608e-04
1.518479726186937123e-04
1.532200099800757123e-04
1.546044445206135954e-04
1.560013882562448213e-04
1.574109542150376319e-04
1.588332564463367565e-04
1.602684100299908406e-04
1.617165310856641695e-04
1.631777367822313351e-04
1.646521453472582584e-04
1.661398760765673730e-04
1.676410493438906845e-04
1.691557866106085072e-04
1.706842104355779199e-04
1.722264444850482015e-04
1.737826135426677183e-04
1.753528435195793648e-04
1.769372614646090277e-04
1.785359955745444193e-04
1.801491752045083984e-04
1.817769308784243946e-04
1.834193942995780550e-04
1.850766983612727292e-04
1.867489771575825863e-04
1.884363659942019282e-04
1.901390013993931375e-04
1.918570211350329900e-04
1.935905642077595816e-04
1.953397708802189739e-04
1.971047826824144872e-04
1.988857424231574745e-04
2.006827942016226941e-04
2.024960834190069796e-04
2.043257567902943242e-04
2.061719623561262139e-04
2.080348494947801912e-04
2.099145689342556468e-04
2.118112727644702261e-04
2.137251144495644676e-04
2.156562488403198469e-04
2.176048321866869237e-04
2.195710221504285748e-04
2.215549778178756331e-04
2.235568597127996469e-04
2.255768298094001315e-04
2.276150515454109739e-04
2.296716898353233895e-04
2.317469110837300933e-04
2.338408831987887049e-04
2.359537756058078866e-04
2.380857592609550736e-04
2.402370066650894032e-04
2.424076918777181883e-04
2.445979905310810294e-04
2.468080798443594761e-04
2.490381386380172276e-04
2.512883473482670216e-04
2.535588880416717473e-04
2.558499444298740371e-04
2.581617018844617082e-04
2.604943474519654228e-04
2.628480698689937166e-04
2.652230595775028482e-04
2.676195087402068900e-04
2.700376112561243738e-04
2.724775627762682684e-04
2.749395607194748980e-04
2.774238042883786851e-04
2.799304944855285446e-04
2.824598341296522723e-04
2.850120278720658356e-04
2.875872822132329357e-04
2.901858055194720754e-04
2.928078080398167156e-04
2.954535019230257031e-04
2.981231012347496058e-04
3.008168219748496501e-04
3.035348820948757646e-04
3.062775015157000440e-04
3.090449021453119767e-04
3.118373078967719104e-04
3.146549447063296976e-04
3.174980405517034221e-04
3.203668254705274243e-04
3.232615315789629570e-04
3.261823930904804154e-04
3.291296463348085356e-04
3.321035297770574433e-04
3.351042840370114899e-04
3.381321519085996258e-04
3.411873783795386504e-04
3.442702106511568187e-04
3.473808981583935765e-04
3.505196925899832852e-04
3.536868479088180021e-04
3.568826203724971232e-04
3.601072685540603643e-04
3.633610533629104238e-04
3.666442380659219106e-04
3.699570883087438576e-04
3.732998721372925112e-04
3.766728600194397657e-04
3.800763248668961587e-04
3.835105420572936831e-04
3.869757894564654918e-04
3.904723474409293777e-04
3.940004989205725351e-04
3.975605293615427547e-04
4.011527268093449108e-04
4.047773819121481642e-04
4.084347879443012228e-04
4.121252408300628170e-04
4.158490391675438648e-04
4.196064842528688093e-04
4.233978801045521693e-04
4.272235334880986534e-04
4.310837539408220653e-04
4.349788537968920545e-04
4.389091482126038874e-04
4.428749551918792623e-04
4.468765956119950225e-04
4.509143932495471426e-04
4.549886748066462455e-04
4.590997699373529448e-04
4.632480112743488391e-04
4.674337344558518849e-04
4.716572781527713786e-04
4.759189840961121961e-04
4.802191971046222197e-04
4.845582651126944434e-04
4.889365391985162762e-04
4.933543736124778624e-04
4.978121258058328027e-04
5.023101564596219037e-04
5.068488295138536123e-04
5.114285121969539818e-04
5.160495750554764142e-04
5.207123919840854877e-04
5.254173402558068480e-04
5.301648005525546551e-04
5.349551569959315987e-04
5.397887971783098303e-04
5.446661121941895594e-04
5.495874966718450718e-04
5.545533488052524235e-04
5.595640703863097613e-04
5.646200668373445222e-04
5.697217472439188978e-04
5.748695243879267322e-04
5.800638147809946462e-04
5.853050386981802338e-04
5.905936202119789306e-04
5.959299872266339169e-04
6.013145715127606560e-04
6.067478087422795629e-04
6.122301385236689469e-04
6.177620044375315041e-04
6.233438540724878067e-04
6.289761390613883302e-04
6.346593151178578970e-04
6.403938420731657057e-04
6.461801839134331989e-04
6.520188088171727193e-04
6.579101891931712692e-04
6.638548017187106964e-04
6.698531273781391628e-04
6.759056515017846777e-04
6.820128638052272863e-04
6.881752584289183104e-04
6.943933339781662665e-04
7.006675935634753671e-04
7.069985448412557938e-04
7.133867000548963118e-04
7.198325760762124513e-04
7.263366944472650528e-04
7.328995814225612105e-04
7.395217680116306742e-04
7.462037900219944085e-04
7.529461881025131635e-04
7.597495077871357916e-04
7.666142995390351662e-04
7.735411187951503516e-04
7.805305260111242887e-04
7.875830867066534787e-04
7.946993715112421822e-04
8.018799562103755534e-04
8.091254217921034714e-04
8.164363544940528468e-04
8.238133458508566966e-04
8.312569927420190678e-04
8.387678974402068121e-04
8.463466676599817624e-04
8.539939166069698438e-04
8.617102630274780682e-04
8.694963312585555094e-04
8.773527512785119203e-04
8.852801587578866191e-04
8.932791951108847751e-04
9.013505075472709027e-04
9.094947491247392952e-04
9.177125788017500164e-04
9.260046614908486618e-04
9.343716681124625192e-04
9.428142756491883058e-04
9.513331672005637856e-04
9.599290320383426726e-04
9.686025656622589434e-04
9.773544698563057121e-04
9.861854527455130547e-04
9.950962288532451665e-04
1.004087519159012516e-03
1.013160051156808319e-03
1.022314558913967487e-03
1.031551783130565296e-03
1.040872471199343844e-03
1.050277377266187759e-03
1.059767262291139416e-03
1.069342894109972944e-03
1.079005047496316627e-03
1.088754504224344289e-03
1.098592053132025487e-03
1.108518490184955303e-03
1.118534618540752493e-03
1.128641248614047857e-03
1.138839198142052242e-03
1.149129292250722790e-03
1.159512363521522475e-03
1.169989252058788089e-03
1.180560805557700826e-03
1.191227879372876598e-03
1.201991336587570442e-03
1.212852048083514107e-03
1.223810892611375094e-03
1.234868756861861021e-03
1.246026535537459335e-03
1.257285131424832302e-03
1.268645455467857976e-03
1.280108426841339905e-03
1.291674973025374283e-03
1.303346029880398001e-03
1.315122541722904765e-03
1.327005461401855550e-03
1.338995750375769926e-03
1.351094378790523636e-03
1.363302325557838113e-03
1.375620578434492286e-03
1.388050134102234790e-03
1.400591998248434510e-03
1.413247185647445187e-03
1.426016720242716598e-03
1.438901635229638230e-03
1.451902973139141892e-03
1.465021785922047222e-03
1.478259135034182400e-03
1.491616091522261853e-03
1.505093736110551736e-03
1.518693159288305198e-03
1.532415461398002783e-03
1.546261752724374531e-03
1.560233153584241091e-03
1.574330794417153675e-03
1.588555815876864508e-03
1.602909368923612597e-03
1.617392614917254967e-03
1.632006725711227088e-03
1.646752883747365677e-03
1.661632282151573065e-03
1.676646124830363880e-03
1.691795626568263480e-03
1.707082013126107580e-03
1.722506521340211403e-03
1.738070399222450216e-03
1.753774906061229995e-03
1.769621312523386378e-03
1.785610900756985468e-03
1.801744964495073957e-03
1.818024809160346915e-03
1.834451751970779011e-03
1.851027122046194646e-03
1.867752260515814517e-03
1.884628520626762792e-03
1.901657267853563938e-03
1.918839880008619235e-03
1.936177747353694852e-03
1.953672272712398718e-03
1.971324871583695400e-03
1.989136972256426265e-03
2.007110015924880655e-03
2.025245456805397932e-03
2.043544762254037236e-03
2.062009412885294161e-03
2.080640902691906387e-03
2.099440739165727484e-03
2.118410443419705292e-03
2.137551550310951877e-03
2.156865608564934120e-03
2.176354180900779301e-03
2.196018844157719523e-03
2.215861189422671518e-03
2.235882822158977851e-03
2.256085362336300408e-03
2.276470444561700876e-03
2.297039718211889986e-03
2.317794847566689333e-03
2.338737511943681478e-03
2.359869405834092576e-03
2.381192239039887134e-03
2.402707736812119584e-03
2.424417639990515336e-03
2.446323705144335531e-03
2.468427704714488621e-03
2.490731427156955141e-03
2.513236677087481857e-03
2.535945275427601685e-03
2.558859059551962453e-03
2.581979883436994871e-03
2.605309617810912769e-03
2.628850150305083767e-03
2.652603385606751296e-03
2.676571245613153065e-03
2.700755669587014303e-03
2.725158614313465209e-03
2.749782054258355715e-03
2.774627981728023524e-03
2.799698407030480271e-03
2.824995358638081322e-03
2.850520883351637981e-03
2.876277046466038049e-03
2.902265931937340025e-03
2.928489642551398639e-03
2.954950300093992649e-03
2.981650045522511727e-03
3.008591039139171201e-03
3.035775460765817099e-03
3.063205509920285084e-03
3.090883405994377005e-03
3.118811388433422992e-03
3.146991716917489374e-03
3.175426671544197277e-03
3.204118553013223045e-03
3.233069682812435373e-03
3.262282403405742867e-03
3.291759078422610424e-03
3.321502092849318126e-03
3.351513853221918006e-03
3.381796787820965430e-03
3.412353346867973494e-03
3.443186002723685850e-03
3.474297250088093786e-03
3.505689606202308604e-03
3.537365611052212082e-03
3.569327827573988247e-03
3.601578841861476608e-03
3.634121263375429678e-03
3.666957725154634893e-03
3.700090884028966846e-03
3.733523420834343812e-03
3.767258040629647975e-03
3.801297472915581184e-03
3.835644471855526039e-03
3.870301816498373723e-03
3.905272311003392741e-03
3.940558784867102121e-03
3.976164093152226298e-03
4.012091116718680475e-03
4.048342762456682772e-03
4.084921963521937621e-03
4.121831679572977164e-03
4.159074897010609471e-03
4.196654629219572462e-03
4.234573916812331071e-03
4.272835827875113082e-03
4.311443458216131577e-03
4.350399931616094618e-03
4.389708400080927567e-03
4.429372044096823412e-03
4.469394072887565572e-03
4.509777724674208198e-03
4.550526266937058445e-03
4.591642996680074355e-03
4.633131240697610682e-03
4.674994355843611546e-03
4.717235729303195270e-03
4.759858778866737222e-03
4.802866953206384737e-03
4.846263732155113406e-03
4.890052626988263158e-03
4.934237180707659078e-03
4.978820968328258843e-03
5.023807597167433484e-03
5.069200707136815517e-03
5.115003971036825511e-03
5.161221094853831078e-03
5.207855818060010307e-03
5.254911913915904023e-03
5.302393189775732318e-03
5.350303487395430269e-03
5.398646683243506911e-03
5.447426688814675441e-03
5.496647450946358718e-03
5.546312952138006749e-03
5.596427210873346735e-03
5.646994281945504068e-03
5.698018256785099267e-03
5.749503263791262697e-03
5.801453468665701552e-03
5.853873074749714987e-03
5.906766323364322224e-03
5.960137494153404727e-03
6.013990905430002115e-03
6.068330914525685467e-03
6.123161918143138135e-03
6.178488352711874673e-03
6.234314694747214100e-03
6.290645461212465012e-03
6.347485209884412734e-03
6.404838539722076431e-03
6.462710091238834179e-03
6.521104546877867433e-03
6.580026631391051525e-03
6.639481112221208917e-03
6.699472799887877875e-03
6.760006548376504623e-03
6.821087255531218564e-03
6.882719863451086488e-03
6.944909358890014039e-03
7.007660773660204234e-03
7.070979185039303130e-03
7.134869716181194491e-03
7.199337536530534508e-03
7.264387862240994503e-03
7.330025956597332158e-03
7.396257130441219289e-03
7.463086742600980560e-03
7.530520200325143375e-03
7.598562959719981982e-03
7.667220526190942145e-03
7.736498454888118131e-03
7.806402351155702218e-03
7.876937870985534218e-03
7.948110721474719795e-03
8.019926661287415590e-03
8.092391501120742986e-03
8.165511104174967560e-03
8.239291386627864422e-03
8.313738318113429032e-03
8.388857922204869325e-03
8.464656276901988408e-03
8.541139515122949180e-03
8.618313825200514533e-03
8.696185451382721504e-03
8.774760694338155920e-03
8.854045911665680071e-03
8.934047518408904862e-03
9.014771987575173964e-03
9.096225850659349701e-03
9.178415698172244508e-03
9.261348180173895744e-03
9.345030006811604062e-03
9.429467948862882767e-03
9.514668838283254007e-03
9.600639568759073914e-03
9.687387096265261816e-03
9.774918439628150352e-03
9.863240681093361079e-03
9.952360966898853023e-03
1.004228650785311816e-02
1.013302457991862617e-02
1.022458252480052017e-02
1.031696775054065374e-02
1.041018773211695864e-02
1.050425001204828915e-02
1.059916220100465614e-02
1.069493197842304524e-02
1.079156709312873927e-02
1.088907536396231494e-02
1.098746468041223584e-02
1.108674300325323929e-02
1.118691836519040625e-02
1.128799887150914484e-02
1.138999270073094358e-02
1.149290810527515277e-02
1.159675341212665182e-02
1.170153702350964012e-02
1.180726741756741617e-02
1.191395314904840526e-02
1.202160284999828459e-02
1.213022523045845930e-02
1.223982907917074182e-02
1.235042326428852436e-02
1.246201673409424657e-02
1.257461851772345707e-02
1.268823772589533841e-02
1.280288355164988998e-02
1.291856527109171496e-02
1.303529224414059530e-02
1.315307391528877309e-02
1.327191981436515872e-02
1.339183955730634257e-02
1.351284284693469312e-02
1.363493947374335574e-02
1.375813931668847315e-02
1.388245234398845056e-02
1.400788861393053794e-02
1.413445827568460267e-02
1.426217157012437883e-02
1.439103883065598333e-02
1.452107048405408898e-02
1.465227705130548244e-02
1.478466914846039530e-02
1.491825748749140909e-02
1.505305287716021331e-02
1.518906622389210384e-02
1.532630853265849399e-02
1.546479090786726657e-02
1.560452455426131896e-02
1.574552077782507414e-02
1.588779098669931833e-02
1.603134669210420221e-02
1.617619950927066952e-02
1.632236115838019835e-02
1.646984346551316064e-02
1.661865836360560539e-02
1.676881789341485088e-02
1.692033420449361864e-02
1.707321955617316367e-02
1.722748631855509222e-02
1.738314697351232840e-02
1.754021411569895578e-02
1.769870045356933957e-02
1.785861881040629040e-02
1.801998212535870642e-02
1.818280345448840957e-02
1.834709597182658525e-02
1.851287297043964497e-02
1.868014786350486248e-02
1.884893418539554735e-02
1.901924559277622800e-02
1.919109586570752826e-02
1.936449890876121294e-02
1.953946875214513865e-02
1.971601955283853319e-02
1.989416559573736407e-02
2.007392129481023330e-02
2.025530119426454528e-02
2.043831996972335363e-02
2.062299242941272037e-02
2.080933351535994846e-02
2.099735830460244812e-02
2.118708201040773662e-02
2.137851998350427662e-02
2.157168771332359375e-02
2.176660082925346157e-02
2.196327510190257404e-02
2.216172644437647277e-02
2.236197091356517674e-02
2.256402471144228900e-02
2.276790418637598262e-02
2.297362583445168235e-02
2.318120630080686834e-02
2.339066238097776279e-02
2.360201102225835401e-02
2.381526932507153915e-02
2.403045454435282641e-02
2.424758409094634332e-02
2.446667553301367162e-02
2.468774659745519989e-02
2.491081517134453860e-02
2.513589930337565767e-02
2.536301720532333978e-02
2.559218725351660589e-02
2.582342799032566472e-02
2.605675812566209115e-02
2.629219653849276805e-02
2.652976227836730677e-02
2.676947456695943570e-02
2.701135279962218333e-02
2.725541654695725485e-02
2.750168555639839751e-02
2.775017975380932034e-02
2.800091924509576571e-02
2.825392431783245450e-02
2.850921544290441895e-02
2.876681327616345540e-02
2.902673866009929105e-02
2.928901262552610629e-02
2.955365639328400018e-02
2.982069137595612721e-02
3.009013917960111362e-02
3.036202160550130827e-02
3.063636065192663904e-02
3.091317851591464383e-02
3.119249759506632566e-02
3.147434048935848772e-02
3.175873000297217003e-02
3.204568914613795116e-02
3.233524113699751124e-02
3.262740940348245189e-02
3.292221758520966213e-02
3.321968953539422564e-02
3.351984932277921048e-02
3.382272123358327776e-02
3.412832977346554053e-02
3.443669966950849842e-02
3.474785587221855543e-02
3.506182355754497437e-02
3.537862812891669900e-02
3.569829521929797356e-02
3.602085069326212141e-02
3.634632064908445426e-02
3.667473142085377058e-02
3.700610958060317895e-02
3.734048194045995472e-02
3.767787555481508927e-02
3.801831772251210162e-02
3.836183598905598680e-02
3.870845814884180114e-02
3.905821224740368969e-02
3.941112658368390448e-02
3.976722971232266035e-02
4.012655044596837028e-02
4.048911785760907212e-02
4.085496128292455398e-02
4.122411032266014297e-02
4.159659484502152560e-02
4.197244498809162006e-02
4.235169116226884800e-02
4.273436405272790228e-02
4.312049462190233051e-02
4.351011411198985740e-02
4.390325404748011973e-02
4.429994623770545925e-02
4.470022277941450989e-02
4.510411605936934243e-02
4.551165875696569496e-02
4.592288384687734371e-02
4.633782460172388568e-02
4.675651459476302951e-02
4.717898770260692265e-02
4.760527810796323644e-02
4.803542030240080807e-02
4.846944908914055383e-02
4.890739958587119601e-02
4.934930722759094807e-02
4.979520776947433253e-02
5.024513728976538057e-02
5.069913219269656102e-02
5.115722921143450730e-02
5.161946541105186248e-02
5.208587819152653980e-02
5.255650529076753841e-02
5.303138478766854236e-02
5.351055510518874792e-02
5.399405501346193903e-02
5.448192363293312412e-02
5.497420043752406643e-02
5.547092525782697237e-02
5.597213828432737182e-02
5.647788007065582261e-02
5.698819153686930650e-02
5.750311397276192116e-02
5.802268904120588822e-02
5.854695878152231525e-02
5.907596561288286363e-02
5.960975233774171156e-02
6.014836214529893643e-02
6.069183861499477528e-02
6.124022572003595677e-02
6.179356783095332761e-02
6.235190971919216119e-02
6.291529656073442667e-02
6.348377393975429550e-02
6.405738785230608023e-02
6.463618471004614618e-02
6.522021134398783837e-02
6.580951500829085310e-02
6.640414338408440198e-02
6.700414458332540346e-02
6.760956715269092476e-02
6.822046007750655339e-02
6.883687278570940760e-02
6.945885515184778425e-02
7.008645750111627826e-02
7.071973061342783085e-02
7.135872572752223475e-02
7.200349454511206782e-02
7.265408923506574967e-02
7.331056243762873459e-02
7.397296726868253514e-02
7.464135732404256207e-02
7.531578668379443342e-02
7.599630991666977975e-02
7.668298208446130970e-02
7.737585874647817663e-02
7.807499596404091080e-02
7.878045030501788781e-02
7.949227884840187608e-02
8.021053918892863399e-02
8.093528944173675188e-02
8.166658824707000164e-02
8.240449477502174991e-02
8.314906873032272550e-02
8.390037035717151648e-02
8.465846044410924032e-02
8.542340032893777635e-02
8.619525190368290679e-02
8.697407761960172790e-02
8.775994049223607985e-02
8.855290410651074640e-02
8.935303262187857531e-02
9.016039077751125674e-02
9.097504389753795218e-02
9.179705789633013646e-02
9.262649928383540066e-02
9.346343517095828668e-02
9.430793327499072121e-02
9.516006192509077199e-02
9.601989006781155855e-02
9.688748727267935956e-02
9.776292373782299872e-02
9.864627029565323224e-02
9.953759841859426138e-02
1.004369802248662458e-01
1.013444884843208438e-01
1.022601966243286975e-01
1.031841787357208884e-01
1.041165095787833783e-01
1.050572645893062540e-01
1.060065198846869144e-01
1.069643522700892413e-01
1.079308392446575865e-01
1.089060590077876450e-01
1.098900904654532967e-01
1.108830132365913324e-01
1.118849076595431480e-01
1.128958547985552952e-01
1.139159364503382343e-01
1.149452351506847630e-01
1.159838341811479101e-01
1.170318175757795176e-01
1.180892701279292467e-01
1.191562773971056727e-01
1.202329257158984976e-01
1.213193021969643237e-01
1.224154947400745430e-01
1.235215920392278427e-01
1.246376835898260621e-01
1.257638596959158583e-01
1.269002114774946677e-01
1.280468308778840991e-01
1.292038106711683176e-01
1.303712444697012751e-01
1.315492267316802077e-01
1.327378527687890775e-01
1.339372187539096815e-01
1.351474217289037050e-01
1.363685596124638855e-01
1.376007312080372025e-01
1.388440362118186777e-01
1.400985752208184776e-01
1.413644497410007361e-01
1.426417621954969572e-01
1.439306159328927193e-01
1.452311152355902912e-01
1.465433653282455229e-01
1.478674723862823948e-01
1.492035435444830638e-01
1.505516869056570117e-01
1.519120115493869105e-01
1.532846275408551451e-01
1.546696459397486345e-01
1.560671788092453105e-01
1.574773392250808091e-01
1.589002412846979850e-01
1.603360001164781667e-01
1.617847318890568431e-01
1.632465538207222844e-01
1.647215841889005938e-01
1.662099423397249698e-01
1.677117486976925642e-01
1.692271247754078001e-01
1.707561931834145064e-01
1.722990776401158164e-01
1.738559029817851598e-01
1.754267951726660169e-01
1.770118813151646264e-01
1.786112896601332600e-01
1.802251496172476986e-01
1.818535917654773848e-01
1.834967478636512217e-01
1.851547508611177117e-01
1.868277349085026851e-01
1.885158353685628674e-01
1.902191888271388409e-01
1.919379331042057601e-01
1.936722072650250981e-01
1.954221516313959239e-01
1.971879077930091262e-01
1.989696186189028326e-01
2.007674282690229128e-01
2.025814822058862874e-01
2.044119272063511239e-01
2.062589113734921709e-01
2.081225841485843664e-01
2.100030963231937498e-01
2.119006000513788401e-01
2.138152488620007896e-01
2.157471976711463624e-01
2.176966027946614091e-01
2.196636219607996654e-01
2.216484143229835446e-01
2.236511404726823360e-01
2.256719624524050616e-01
2.277110437688122935e-01
2.297685494059445999e-01
2.318446458385728381e-01
2.339395010456664648e-01
2.360532845239859956e-01
2.381861673017962866e-01
2.403383219527053805e-01
2.425099226096268379e-01
2.447011449788696891e-01
2.469121663543543677e-01
2.491431656319583465e-01
2.513943233239901431e-01
2.536658215737954691e-01
2.559578441704938867e-01
2.582705765638499962e-01
2.606042058792776839e-01
2.629589209329815658e-01
2.653349122472331012e-01
2.677323720657871498e-01
2.701514943694354187e-01
2.725924748917029072e-01
2.750555111346835724e-01
2.775408023850215455e-01
2.800485497300347348e-01
2.825789560739858097e-01
2.851322261544983472e-01
2.877085665591236907e-01
2.903081857420548029e-01
2.929312940409934951e-01
2.955781036941684259e-01
2.982488288575079194e-01
3.009436856219671053e-01
3.036628920310127100e-01
3.064066680982641122e-01
3.091752358252963795e-01
3.119688192196007348e-01
3.147876443127111123e-01
3.176319391784910295e-01
3.205019339515884913e-01
3.233978608460552628e-01
3.263199541741368392e-01
3.292684503652294481e-01
3.322435879850110241e-01
3.352456077547428248e-01
3.382747525707473502e-01
3.413312675240602889e-01
3.444153999202620442e-01
3.475273992994866168e-01
3.506675174566131759e-01
3.538360084616375412e-01
3.570331286802308490e-01
3.602591367944810719e-01
3.635142938238242194e-01
3.667988631461626126e-01
3.701131105191763915e-01
3.734573041018246498e-01
3.768317144760440218e-01
3.802366146686401160e-01
3.836722801733803423e-01
3.871389889732820278e-01
3.906370215631066456e-01
3.941666609720529402e-01
3.977281927866584965e-01
