2.500000000000000052e-03 4.606272203517999878e+04 -5.248053691985999649e+03
7.499999999999999722e-03 5.524879220463999809e+04 1.899969412237999859e+04
1.250000000000000069e-02 4.989304754783999670e+04 2.293106195106000087e+04
1.750000000000000167e-02 5.074731945598000311e+04 1.435064181078000001e+04
2.249999999999999917e-02 5.069312256604000140e+04 1.697029142760999821e+04
2.750000000000000014e-02 4.679593009521000204e+04 1.675696407087999978e+04
3.250000000000000111e-02 4.122228030028999638e+04 2.124257842209999944e+04
3.749999999999999861e-02 3.625419885544000135e+04 1.640725291224999819e+04
4.250000000000000305e-02 3.176067601559999821e+04 1.220886502085999928e+04
4.750000000000000056e-02 2.861598843755000053e+04 1.258279762459000085e+04
5.249999999999999806e-02 2.601595655519999855e+04 1.203093399696000051e+04
5.750000000000000250e-02 2.379909158018000016e+04 1.188127502887000082e+04
6.250000000000000000e-02 2.254049342107000120e+04 1.055978634235999925e+04
6.750000000000000444e-02 2.173238032232999831e+04 8.869819025357999635e+03
7.249999999999999500e-02 1.971220245779999823e+04 8.089851020428000083e+03
7.749999999999999944e-02 1.833990413459000047e+04 7.593924304967999888e+03
8.250000000000000389e-02 1.630678178680999918e+04 6.926534057044999827e+03
8.749999999999999445e-02 1.502416520375999971e+04 6.565799009585999556e+03
9.249999999999999889e-02 1.392256656013000065e+04 6.030780855199999678e+03
9.750000000000000333e-02 1.273748539175000042e+04 5.860687010526000449e+03
1.024999999999999939e-01 1.147385996420000083e+04 5.289970628230999864e+03
1.074999999999999983e-01 1.074851134160000038e+04 4.806085524031000205e+03
1.125000000000000028e-01 1.021441985113000010e+04 4.256563119806999566e+03
1.174999999999999933e-01 9.944396399901999757e+03 4.070262518280000222e+03
1.224999999999999978e-01 9.401910060504000285e+03 3.759366995070000030e+03
1.275000000000000022e-01 9.041914975657000468e+03 3.467287040000000161e+03
1.325000000000000067e-01 8.664548998435000613e+03 3.185773164092000115e+03
1.375000000000000111e-01 8.066514616970000134e+03 3.050101455572999839e+03
1.424999999999999878e-01 7.512205488237999816e+03 2.609985292216999824e+03
1.474999999999999922e-01 7.030298867491000237e+03 2.404690003411999896e+03
1.524999999999999967e-01 6.447467724107000322e+03 2.229952757898000073e+03
1.575000000000000011e-01 6.036986841230999744e+03 1.990498091443000021e+03
1.625000000000000056e-01 5.720965115824000350e+03 1.656070348088999935e+03
1.675000000000000100e-01 5.316047529108000163e+03 1.667317419316000041e+03
1.724999999999999867e-01 5.187878591830000005e+03 1.441613757951000025e+03
1.774999999999999911e-01 4.935533289658999820e+03 1.361541915710000012e+03
1.824999999999999956e-01 4.729975011493000238e+03 1.183535914040000080e+03
1.875000000000000000e-01 4.549578732498999670e+03 1.101769185496000091e+03
1.925000000000000044e-01 4.425093783850999898e+03 1.023541199205999987e+03
1.975000000000000089e-01 4.237630110400000376e+03 8.927792663733999916e+02
2.025000000000000133e-01 4.066435597706999943e+03 9.051208391462999998e+02
2.074999999999999900e-01 3.878114550640999823e+03 7.139222428148000290e+02
2.124999999999999944e-01 3.669775925771999937e+03 6.703401018990999773e+02
2.174999999999999989e-01 3.518906448889999865e+03 5.566588057103000438e+02
2.225000000000000033e-01 3.367633431112999915e+03 5.845644732987000225e+02
2.275000000000000078e-01 3.174027353687999948e+03 4.670511658414999943e+02
2.325000000000000122e-01 3.063782327293999970e+03 4.230271517750999806e+02
2.374999999999999889e-01 2.957035745476000102e+03 3.746062270835000163e+02
2.424999999999999933e-01 2.864833034043000225e+03 2.410013896545000023e+02
2.474999999999999978e-01 2.743622271838999950e+03 2.638220821702000194e+02
2.525000000000000022e-01 2.683916303477999918e+03 1.694293572123000047e+02
2.575000000000000067e-01 2.614035655225000028e+03 1.689527079558000082e+02
2.625000000000000111e-01 2.533619019458999901e+03 1.393273523205999993e+02
2.675000000000000155e-01 2.451514453913000125e+03 1.412644554457000083e+02
2.725000000000000200e-01 2.384941376654000123e+03 2.705079999296999915e+01
2.775000000000000244e-01 2.274763358799999878e+03 8.618547297005000019e+01
2.824999999999999734e-01 2.183980599803000132e+03 5.066452505480999946e+01
2.874999999999999778e-01 2.104862194007000198e+03 3.632547981332999854e+01
2.924999999999999822e-01 2.033053831520999893e+03 -3.236289811979000319e+01
2.974999999999999867e-01 1.992841170001999899e+03 -4.049866223696999867e+01
3.024999999999999911e-01 1.937109617282000045e+03 -6.358680267535999775e+01
3.074999999999999956e-01 1.872523823587999914e+03 -5.107220018233000047e+01
3.125000000000000000e-01 1.839683090250000078e+03 -5.484197449588000239e+01
3.175000000000000044e-01 1.778495361021000008e+03 -6.208629524871999905e+01
3.225000000000000089e-01 1.730255748533000087e+03 -1.221863447588000042e+02
3.275000000000000133e-01 1.717887341805000005e+03 -1.463223997641999858e+02
3.325000000000000178e-01 1.665277187091000087e+03 -1.601154820916000006e+02
3.375000000000000222e-01 1.612192037020000043e+03 -1.696924676447999900e+02
3.425000000000000266e-01 1.568983424637000098e+03 -1.817292028264000123e+02
3.474999999999999756e-01 1.537879497254999933e+03 -1.727938962384999968e+02
3.524999999999999800e-01 1.478848405232000005e+03 -1.775711427619999938e+02
3.574999999999999845e-01 1.457711773263999930e+03 -2.079666348551000112e+02
3.624999999999999889e-01 1.414667610015000037e+03 -2.193673849729999858e+02
3.674999999999999933e-01 1.385818787188999977e+03 -2.255689903363999917e+02
3.724999999999999978e-01 1.347971841041000062e+03 -2.147820728897999913e+02
3.775000000000000022e-01 1.322617214320999892e+03 -2.275262851692000083e+02
3.825000000000000067e-01 1.295280597829000044e+03 -2.519611781174000100e+02
3.875000000000000111e-01 1.250170184689000052e+03 -2.500355262154999991e+02
3.925000000000000155e-01 1.223328643155999998e+03 -2.669088052916999914e+02
3.975000000000000200e-01 1.190977194287999964e+03 -2.645245729627000060e+02
4.025000000000000244e-01 1.178111047367000083e+03 -2.689050247197000090e+02
4.074999999999999734e-01 1.147179718372000025e+03 -2.868142529334999722e+02
4.124999999999999778e-01 1.127587442035000095e+03 -2.810267285804000039e+02
4.174999999999999822e-01 1.109166204678999975e+03 -2.670460462417000258e+02
4.224999999999999867e-01 1.078143342075999954e+03 -2.857518043709999915e+02
4.274999999999999911e-01 1.057786120923999988e+03 -2.901770752017000063e+02
4.324999999999999956e-01 1.028998086526999941e+03 -2.750916026716000147e+02
4.375000000000000000e-01 9.969415005298000096e+02 -2.836587298790000204e+02
4.425000000000000044e-01 9.727515773945000319e+02 -2.892715388157000120e+02
4.475000000000000089e-01 9.667656072828999640e+02 -3.224118933862000063e+02
4.525000000000000133e-01 9.449805339775999755e+02 -3.028900169857000151e+02
4.575000000000000178e-01 9.198468572693999477e+02 -3.049372441389999722e+02
4.625000000000000222e-01 9.028389750800999991e+02 -3.076685210718000008e+02
4.675000000000000266e-01 8.782091544718999785e+02 -2.958859399922000080e+02
4.724999999999999756e-01 8.593807374020000225e+02 -2.835721678538999981e+02
4.774999999999999800e-01 8.616092347958999653e+02 -3.150353547944000070e+02
4.824999999999999845e-01 8.422759874846999537e+02 -3.357007857303000264e+02
4.874999999999999889e-01 8.218442522707999842e+02 -3.337359522630000015e+02
4.924999999999999933e-01 8.093741028294000444e+02 -3.263596508091000032e+02
4.974999999999999978e-01 7.914901953835000086e+02 -3.164073794108999778e+02
