2.500000000000000052e-03 3.493837423752999894e+04 1.173812027135000062e+04
7.499999999999999722e-03 4.314716602700999647e+04 7.602948579586000051e+03
1.250000000000000069e-02 5.365374311037999723e+04 4.283241025493999587e+03
1.750000000000000167e-02 5.375448437815999932e+04 4.024564034381000056e+03
2.249999999999999917e-02 5.044712350084000354e+04 1.936686295645000064e+04
2.750000000000000014e-02 4.570035184920999745e+04 1.941659175198999947e+04
3.250000000000000111e-02 4.110140044451999711e+04 1.439945429377999972e+04
3.749999999999999861e-02 3.554726260965999973e+04 1.587383844413000043e+04
4.250000000000000305e-02 3.152907351221000135e+04 1.723150180525999895e+04
4.750000000000000056e-02 2.719827246364999883e+04 1.315875357615999928e+04
5.249999999999999806e-02 2.529350509002000035e+04 1.171369143706999967e+04
5.750000000000000250e-02 2.391934655002000000e+04 1.345915169964000052e+04
6.250000000000000000e-02 2.247372219852999842e+04 1.054017253899999923e+04
6.750000000000000444e-02 2.132227751118000015e+04 9.827960893982999551e+03
7.249999999999999500e-02 1.978217814485000054e+04 8.412995040589999917e+03
7.749999999999999944e-02 1.908420107124000060e+04 8.572509932287999618e+03
8.250000000000000389e-02 1.680463124824999977e+04 8.129421205335999730e+03
8.749999999999999445e-02 1.514122723249000046e+04 7.232644811332999780e+03
9.249999999999999889e-02 1.385324945687000036e+04 5.877712316680000185e+03
9.750000000000000333e-02 1.237197606912000083e+04 5.322077389895999659e+03
1.024999999999999939e-01 1.126063755606999985e+04 4.970703254052000375e+03
1.074999999999999983e-01 1.068133516358000088e+04 4.476546625207999568e+03
1.125000000000000028e-01 1.013890257858999939e+04 4.286733901933999732e+03
1.174999999999999933e-01 9.643195960600000035e+03 4.137685545649999767e+03
1.224999999999999978e-01 9.273319831311999224e+03 3.810882647029000054e+03
1.275000000000000022e-01 8.933169270914999288e+03 3.446660404879999987e+03
1.325000000000000067e-01 8.463295435710000675e+03 3.282003167446000134e+03
1.375000000000000111e-01 8.168450768130999677e+03 2.957327246536000075e+03
1.424999999999999878e-01 7.590027105293999739e+03 2.840358257430999856e+03
1.474999999999999922e-01 7.043481457898000372e+03 2.668499378256000000e+03
1.524999999999999967e-01 6.633981937276000281e+03 2.315200666761999855e+03
1.575000000000000011e-01 6.177155826270999569e+03 2.040247030260999964e+03
1.625000000000000056e-01 5.737724853247000283e+03 1.579834713534000002e+03
1.675000000000000100e-01 5.457564539283999693e+03 1.857293790767000019e+03
1.724999999999999867e-01 5.213936166180000328e+03 1.747728037425999901e+03
1.774999999999999911e-01 5.010261500085999614e+03 1.419691830180999887e+03
1.824999999999999956e-01 4.756213520516000244e+03 1.248370409170999892e+03
1.875000000000000000e-01 4.647334754421999605e+03 1.184142620649000037e+03
1.925000000000000044e-01 4.478060666428999866e+03 1.052367559911999933e+03
1.975000000000000089e-01 4.272034483911000279e+03 8.668568709626000555e+02
2.025000000000000133e-01 4.122035124586000165e+03 9.296511498964999873e+02
2.074999999999999900e-01 3.905400930249999874e+03 7.712033456543999819e+02
2.124999999999999944e-01 3.726335516995000035e+03 6.929045896536000555e+02
2.174999999999999989e-01 3.598816261757000120e+03 5.257898253723000153e+02
2.225000000000000033e-01 3.463411100981999880e+03 4.622268161888999884e+02
2.275000000000000078e-01 3.323792001114999948e+03 5.491156383984999820e+02
2.325000000000000122e-01 3.148389755904000140e+03 4.722642423555000164e+02
2.374999999999999889e-01 3.024718322448999970e+03 3.793072775675000230e+02
2.424999999999999933e-01 2.948036156966999897e+03 3.151616725500999792e+02
2.474999999999999978e-01 2.831234161553999911e+03 3.135854140048999739e+02
2.525000000000000022e-01 2.746334565724000186e+03 2.943610182727999813e+02
2.575000000000000067e-01 2.695393391995000002e+03 2.806315152288000263e+02
2.625000000000000111e-01 2.619919600325999909e+03 2.012211679838000009e+02
2.675000000000000155e-01 2.514267293536000125e+03 1.606804146098999979e+02
2.725000000000000200e-01 2.399828693154000121e+03 1.174117981952999941e+02
2.775000000000000244e-01 2.351059069701000226e+03 1.153727583095000000e+02
2.824999999999999734e-01 2.287948791457999960e+03 6.973776785971999459e+01
2.874999999999999778e-01 2.199413848358999985e+03 1.001914783133000064e+01
2.924999999999999822e-01 2.134372200455999973e+03 2.256200984600999959e+01
2.974999999999999867e-01 2.056217607089000012e+03 -1.584779168720999998e+01
3.024999999999999911e-01 1.991527676187999987e+03 -4.004319062284999831e+01
3.074999999999999956e-01 1.946645497066999951e+03 -5.932469925211000117e+01
3.125000000000000000e-01 1.898541814367999905e+03 -5.048871657773999999e+01
3.175000000000000044e-01 1.846487413650000008e+03 -8.351843448789000490e+01
3.225000000000000089e-01 1.808132515088999980e+03 -1.145413474261000033e+02
3.275000000000000133e-01 1.760991290684999967e+03 -9.510909630982999374e+01
3.325000000000000178e-01 1.697846927614999913e+03 -1.642643605911999884e+02
3.375000000000000222e-01 1.659125761946000011e+03 -1.530687851620999993e+02
3.425000000000000266e-01 1.597969382816000007e+03 -1.658901268294999909e+02
3.474999999999999756e-01 1.559682263293000005e+03 -1.711244935416999908e+02
3.524999999999999800e-01 1.520067133653999917e+03 -1.547931785437000087e+02
3.574999999999999845e-01 1.499786518598999919e+03 -2.066435701258000108e+02
3.624999999999999889e-01 1.464525146049000114e+03 -2.018641788795000025e+02
3.674999999999999933e-01 1.416837133472000005e+03 -1.917441924439000047e+02
3.724999999999999978e-01 1.390610289603999945e+03 -2.098873965198000064e+02
3.775000000000000022e-01 1.348621627788000069e+03 -2.406718862781000041e+02
3.825000000000000067e-01 1.322634362069999952e+03 -2.320486644302000059e+02
3.875000000000000111e-01 1.299681301442999938e+03 -2.295329951871999867e+02
3.925000000000000155e-01 1.256048640725000041e+03 -2.450040687503000072e+02
3.975000000000000200e-01 1.231322207134000109e+03 -2.329436093152999945e+02
4.025000000000000244e-01 1.215330791198000043e+03 -2.893160535669999831e+02
4.074999999999999734e-01 1.185985595721999971e+03 -2.724567253719000064e+02
4.124999999999999778e-01 1.150058132190999913e+03 -2.546818275477999975e+02
4.174999999999999822e-01 1.119806085055000040e+03 -2.567596506686999760e+02
4.224999999999999867e-01 1.093408163885000022e+03 -2.755871385066000130e+02
4.274999999999999911e-01 1.085324855238000055e+03 -3.223388589315999866e+02
4.324999999999999956e-01 1.062520210418000033e+03 -3.125229971300000216e+02
4.375000000000000000e-01 1.034871439487000089e+03 -2.860520842918999733e+02
4.425000000000000044e-01 1.021039215377999994e+03 -2.970999418238999965e+02
4.475000000000000089e-01 1.011025582600999996e+03 -2.849574048480999977e+02
4.525000000000000133e-01 9.733525045789999695e+02 -2.853329830766999748e+02
4.575000000000000178e-01 9.447917616296000460e+02 -3.050118932116999986e+02
4.625000000000000222e-01 9.360839786021999771e+02 -3.114038677926000105e+02
4.675000000000000266e-01 9.196699523237000449e+02 -3.369288930098999799e+02
4.724999999999999756e-01 9.057802708100000473e+02 -3.399027876128999992e+02
4.774999999999999800e-01 8.738276397483999745e+02 -3.073459525769999914e+02
4.824999999999999845e-01 8.583579743991000441e+02 -3.260150573957999995e+02
4.874999999999999889e-01 8.362668756719000385e+02 -3.011025611805999915e+02
4.924999999999999933e-01 8.232101780681999799e+02 -3.176667704613000183e+02
4.974999999999999978e-01 8.161144689313999834e+02 -3.132605756185000132e+02
