2.500000000000000052e-03 3.699902890525999828e+04 4.019112238690000140e+03
7.499999999999999722e-03 4.505595755223000015e+04 1.677921764762000021e+04
1.250000000000000069e-02 5.129773308885999722e+04 1.595406978481999977e+04
1.750000000000000167e-02 5.369981601444999978e+04 2.206722254587000134e+04
2.249999999999999917e-02 5.471948958223000227e+04 2.286441402417000063e+04
2.750000000000000014e-02 4.786390696431000106e+04 1.878658081160000074e+04
3.250000000000000111e-02 4.048277328069000214e+04 1.861584636695000154e+04
3.749999999999999861e-02 3.544267929385999741e+04 1.503790143623000040e+04
4.250000000000000305e-02 3.128190475702999902e+04 1.440861934991999988e+04
4.750000000000000056e-02 2.850720377815000029e+04 1.215477983723999932e+04
5.249999999999999806e-02 2.572884734163000030e+04 1.192412723915999959e+04
5.750000000000000250e-02 2.439174707403000139e+04 1.087071247754000069e+04
6.250000000000000000e-02 2.297997295954999936e+04 1.037253061048000018e+04
6.750000000000000444e-02 2.142283205391999945e+04 9.844493597725000654e+03
7.249999999999999500e-02 1.954189069535000090e+04 8.159477345891999903e+03
7.749999999999999944e-02 1.802299370247000115e+04 8.144052082508999774e+03
8.250000000000000389e-02 1.641581532607999907e+04 7.083558134193000114e+03
8.749999999999999445e-02 1.503729662359999929e+04 6.345843509313000141e+03
9.249999999999999889e-02 1.383696873161000076e+04 5.884055832564000411e+03
9.750000000000000333e-02 1.261971718881000015e+04 5.284430433002000427e+03
1.024999999999999939e-01 1.140227638332999959e+04 4.847881889842000419e+03
1.074999999999999983e-01 1.060250438514000052e+04 4.569731159543000103e+03
1.125000000000000028e-01 1.014133062111000072e+04 4.007904102981000051e+03
1.174999999999999933e-01 9.742262975424999240e+03 4.006947274143999948e+03
1.224999999999999978e-01 9.196888903514000049e+03 3.642220455129000129e+03
1.275000000000000022e-01 8.904732525929999611e+03 3.390716687963999902e+03
1.325000000000000067e-01 8.423832681727999443e+03 3.333008617675000096e+03
1.375000000000000111e-01 7.862049170336000316e+03 3.111262750269000207e+03
1.424999999999999878e-01 7.493301168642000448e+03 2.611437478146000103e+03
1.474999999999999922e-01 6.972175453498000024e+03 2.381614218692000122e+03
1.524999999999999967e-01 6.424977366477000032e+03 2.215537312838000162e+03
1.575000000000000011e-01 6.045609796808000283e+03 2.007724977571999943e+03
1.625000000000000056e-01 5.667043347533999622e+03 1.772420661649000067e+03
1.675000000000000100e-01 5.343926364521000323e+03 1.709115952315999948e+03
1.724999999999999867e-01 5.158562171431999559e+03 1.532295541649999905e+03
1.774999999999999911e-01 4.946871192356000392e+03 1.449490386438000087e+03
1.824999999999999956e-01 4.814715331004999825e+03 1.299341517666000072e+03
1.875000000000000000e-01 4.598493754271000398e+03 1.318904441104999933e+03
1.925000000000000044e-01 4.410104178720999698e+03 1.236147362277999946e+03
1.975000000000000089e-01 4.239171135304999552e+03 9.122301260478999438e+02
2.025000000000000133e-01 4.043485760807000133e+03 9.223395383099999663e+02
2.074999999999999900e-01 3.845989478818999942e+03 8.488572942404000514e+02
2.124999999999999944e-01 3.704883824923999782e+03 6.412250224742000455e+02
2.174999999999999989e-01 3.512516960419000043e+03 6.212384514847000219e+02
2.225000000000000033e-01 3.385250784538000062e+03 6.154315393435000487e+02
2.275000000000000078e-01 3.210954037789999802e+03 4.856724053502999823e+02
2.325000000000000122e-01 3.091896632898999997e+03 4.522839021452999759e+02
2.374999999999999889e-01 2.996978519108999990e+03 4.259199164193000229e+02
2.424999999999999933e-01 2.855640200174999791e+03 3.269800780147999717e+02
2.474999999999999978e-01 2.758753035684000224e+03 2.613952873491999753e+02
2.525000000000000022e-01 2.661208964478999860e+03 1.959469754156000079e+02
2.575000000000000067e-01 2.599469207551000181e+03 2.273879850287000011e+02
2.625000000000000111e-01 2.524655252523999934e+03 2.112068610466999985e+02
2.675000000000000155e-01 2.475972619230999953e+03 1.119176560630999973e+02
2.725000000000000200e-01 2.370926302923000094e+03 4.540906428406999851e+01
2.775000000000000244e-01 2.281810001934999946e+03 1.089818396481000065e+02
2.824999999999999734e-01 2.220098706614000093e+03 1.841732961150000136e+01
2.874999999999999778e-01 2.118803646682999897e+03 1.150503548406000043e+01
2.924999999999999822e-01 2.055622368856999856e+03 -6.658005691050999530e+01
2.974999999999999867e-01 2.000111910945000091e+03 -9.384463558866000810e+00
3.024999999999999911e-01 1.941038121004000004e+03 -2.351668896482999926e+01
3.074999999999999956e-01 1.879151512781000065e+03 -4.470337299255000119e+01
3.125000000000000000e-01 1.856737162387999888e+03 -4.980766982179000024e+01
3.175000000000000044e-01 1.800431394579999960e+03 -7.051623134233000201e+01
3.225000000000000089e-01 1.736867813026000022e+03 -9.898239951429999905e+01
3.275000000000000133e-01 1.728345691393999914e+03 -1.212147360933000044e+02
3.325000000000000178e-01 1.663244897560000027e+03 -1.378054196225999988e+02
3.375000000000000222e-01 1.606023184901999912e+03 -1.333301824174000103e+02
3.425000000000000266e-01 1.577888972155999909e+03 -1.528806621617999895e+02
3.474999999999999756e-01 1.526212935085000026e+03 -1.635285401675000116e+02
3.524999999999999800e-01 1.479496427877000087e+03 -1.696932482752000055e+02
3.574999999999999845e-01 1.463416784645000007e+03 -1.999382772323000097e+02
3.624999999999999889e-01 1.413990767768000069e+03 -2.102318011071999990e+02
3.674999999999999933e-01 1.365196373090999941e+03 -1.983020368731999952e+02
3.724999999999999978e-01 1.350178507163999939e+03 -2.100675155582000002e+02
3.775000000000000022e-01 1.312299706271000105e+03 -2.281671350105999920e+02
3.825000000000000067e-01 1.287957807388999981e+03 -2.485317932689000031e+02
3.875000000000000111e-01 1.254093013336000013e+03 -2.364832661254999948e+02
3.925000000000000155e-01 1.224048503299000004e+03 -2.338426853860999870e+02
3.975000000000000200e-01 1.189027880408000101e+03 -2.282110341018000099e+02
4.025000000000000244e-01 1.183962199886999997e+03 -2.460095377778999932e+02
4.074999999999999734e-01 1.150555202888999929e+03 -2.773991319017999899e+02
4.124999999999999778e-01 1.126450644186000090e+03 -2.695999756955999942e+02
4.174999999999999822e-01 1.100122770634000062e+03 -2.310665711293999891e+02
4.224999999999999867e-01 1.074854894908999995e+03 -2.569258777731000123e+02
4.274999999999999911e-01 1.050635522621000064e+03 -2.684345961015999933e+02
4.324999999999999956e-01 1.019887580801000013e+03 -2.678853355961999796e+02
4.375000000000000000e-01 1.005789799821999964e+03 -2.914153754631000197e+02
4.425000000000000044e-01 9.815174835868000400e+02 -2.706007480801000042e+02
4.475000000000000089e-01 9.648915236891999712e+02 -3.020666309992000151e+02
4.525000000000000133e-01 9.415155467329999510e+02 -2.923306726015999857e+02
4.575000000000000178e-01 9.192522886051000341e+02 -3.031843461884000135e+02
4.625000000000000222e-01 9.093172797198000126e+02 -3.254862668701999837e+02
4.675000000000000266e-01 8.743307004483999663e+02 -3.055533175648000110e+02
4.724999999999999756e-01 8.601349342613000317e+02 -2.947017055868000170e+02
4.774999999999999800e-01 8.637812393412999654e+02 -3.118546709890999864e+02
4.824999999999999845e-01 8.420201063114999442e+02 -3.339573926784000264e+02
4.874999999999999889e-01 8.337673667848999912e+02 -3.470932502759999920e+02
4.924999999999999933e-01 7.975794964755000365e+02 -2.974501117036999744e+02
4.974999999999999978e-01 7.943729786830999728e+02 -3.104344825068000091e+02
