2.500000000000000052e-03 3.745276297363000049e+04 1.032630060039999989e+04
7.499999999999999722e-03 4.770451148434999777e+04 -3.460679631142999824e+03
1.250000000000000069e-02 5.079246026262999658e+04 1.530876613777000057e+04
1.750000000000000167e-02 5.232884132924999722e+04 2.045524509665000005e+04
2.249999999999999917e-02 4.977785697184000310e+04 2.541236220057999890e+04
2.750000000000000014e-02 4.602646435057000053e+04 2.515095585034000032e+04
3.250000000000000111e-02 3.983020473597999808e+04 2.006885082664999936e+04
3.749999999999999861e-02 3.493458479328999965e+04 1.882762128243999905e+04
4.250000000000000305e-02 3.294128853484000138e+04 1.627132529860000068e+04
4.750000000000000056e-02 2.881693578066999908e+04 1.307033267689000058e+04
5.249999999999999806e-02 2.590646292125000036e+04 1.202981916674000058e+04
5.750000000000000250e-02 2.427330524762999994e+04 1.188844112481000047e+04
6.250000000000000000e-02 2.245010925694999969e+04 1.056343592132000049e+04
6.750000000000000444e-02 2.089836788048000017e+04 9.169049990519000858e+03
7.249999999999999500e-02 1.946441755865999949e+04 8.132236743254000430e+03
7.749999999999999944e-02 1.836598542894999991e+04 8.396733618918000502e+03
8.250000000000000389e-02 1.663720795201000146e+04 7.303573798047000309e+03
8.749999999999999445e-02 1.498742220599000029e+04 6.476818984608000392e+03
9.249999999999999889e-02 1.372762877563999973e+04 6.656002410355999928e+03
9.750000000000000333e-02 1.233669835168999998e+04 5.843187805509999635e+03
1.024999999999999939e-01 1.139180123955999989e+04 4.773361715560999983e+03
1.074999999999999983e-01 1.056045914509999966e+04 4.541277517139000338e+03
1.125000000000000028e-01 1.006397582340000008e+04 4.253630075805999695e+03
1.174999999999999933e-01 9.586218142040999737e+03 3.890439632702999916e+03
1.224999999999999978e-01 9.255730335326999921e+03 3.557110130533999836e+03
1.275000000000000022e-01 8.766664614363999135e+03 3.353782239590999779e+03
1.325000000000000067e-01 8.392530678680999699e+03 3.034508514946000105e+03
1.375000000000000111e-01 7.885679739123000218e+03 2.915635570395999821e+03
1.424999999999999878e-01 7.396469637481999598e+03 2.665104511997999907e+03
1.474999999999999922e-01 6.920650555385000189e+03 2.542261621568999999e+03
1.524999999999999967e-01 6.495962115882000035e+03 2.262851880035999784e+03
1.575000000000000011e-01 6.086502398071000243e+03 2.084891229390999797e+03
1.625000000000000056e-01 5.665290393686999778e+03 2.027817159792999973e+03
1.675000000000000100e-01 5.402827074728999833e+03 1.919836289023000063e+03
1.724999999999999867e-01 5.110460350459999972e+03 1.610261980763000111e+03
1.774999999999999911e-01 4.881902812176000225e+03 1.524333861467999895e+03
1.824999999999999956e-01 4.771707532671000081e+03 1.280429206186000101e+03
1.875000000000000000e-01 4.586369942532000096e+03 1.243853592981000020e+03
1.925000000000000044e-01 4.416521825419999914e+03 1.036802115142000048e+03
1.975000000000000089e-01 4.251857293375000154e+03 8.376118134109000266e+02
2.025000000000000133e-01 4.080459241088999988e+03 7.776461762087000125e+02
2.074999999999999900e-01 3.815884450418000142e+03 8.480986676897999814e+02
2.124999999999999944e-01 3.714852151164000134e+03 6.642593245294999633e+02
2.174999999999999989e-01 3.483038878573000147e+03 5.884537688578000143e+02
2.225000000000000033e-01 3.336173081261999869e+03 5.714463495009999860e+02
2.275000000000000078e-01 3.199588781574000222e+03 4.993622928967000121e+02
2.325000000000000122e-01 3.110960483606999787e+03 4.031185298130999968e+02
2.374999999999999889e-01 2.988516614549000224e+03 3.657594019338999942e+02
2.424999999999999933e-01 2.873011145296999985e+03 3.328555294518000096e+02
2.474999999999999978e-01 2.796208657202999802e+03 2.924259430658000269e+02
2.525000000000000022e-01 2.705053659163999782e+03 2.068904578730999901e+02
2.575000000000000067e-01 2.626266919544999837e+03 1.628483825209000031e+02
2.625000000000000111e-01 2.547243407877000209e+03 1.363771890230999873e+02
2.675000000000000155e-01 2.453458197327000107e+03 1.600463783566999894e+02
2.725000000000000200e-01 2.385778247910000118e+03 1.127362078935999961e+02
2.775000000000000244e-01 2.286521529420000206e+03 8.234304041130999963e+01
2.824999999999999734e-01 2.205972883637999985e+03 4.281728702944000275e+01
2.874999999999999778e-01 2.135253877958999965e+03 3.184594202782999872e+01
2.924999999999999822e-01 2.047395636088999936e+03 1.415619464705000041e+01
2.974999999999999867e-01 1.983503454438000063e+03 4.730752716008999670e+01
3.024999999999999911e-01 1.948031916706999937e+03 -2.034782068823000145e+01
3.074999999999999956e-01 1.904817647144999910e+03 -3.268003285201999830e+01
3.125000000000000000e-01 1.850883120333000079e+03 -6.581723171491999835e+01
3.175000000000000044e-01 1.778199574003999942e+03 -7.276992432685999290e+01
3.225000000000000089e-01 1.733703080100000079e+03 -8.103315986994999776e+01
3.275000000000000133e-01 1.707740010209000047e+03 -1.117791702523999930e+02
3.325000000000000178e-01 1.646585769239999991e+03 -9.514530129492000299e+01
3.375000000000000222e-01 1.600512226885000018e+03 -1.468173925504999886e+02
3.425000000000000266e-01 1.574970350463999921e+03 -1.731943050476000110e+02
3.474999999999999756e-01 1.518266610964999927e+03 -1.809687690460000056e+02
3.524999999999999800e-01 1.474330274921999944e+03 -1.782452348966000102e+02
3.574999999999999845e-01 1.445834367509000003e+03 -1.634419305170000030e+02
3.624999999999999889e-01 1.406944502077999914e+03 -1.720236182588000133e+02
3.674999999999999933e-01 1.365031005403000108e+03 -1.806375309070000128e+02
3.724999999999999978e-01 1.342863036408999960e+03 -2.042138581618999922e+02
3.775000000000000022e-01 1.323639361106000024e+03 -2.152867392956000003e+02
3.825000000000000067e-01 1.289185757496999940e+03 -2.270555159495000055e+02
3.875000000000000111e-01 1.259338177487999928e+03 -2.428971683809000126e+02
3.925000000000000155e-01 1.222650234994999892e+03 -2.339605321141000047e+02
3.975000000000000200e-01 1.204404237122000040e+03 -2.265083530898999982e+02
4.025000000000000244e-01 1.179283427591999953e+03 -2.045132574728999941e+02
4.074999999999999734e-01 1.149952791165999997e+03 -2.419093408280999995e+02
4.124999999999999778e-01 1.136909743766000020e+03 -2.719856880143000240e+02
4.174999999999999822e-01 1.104313100088000056e+03 -2.655373688279000248e+02
4.224999999999999867e-01 1.086055998627999998e+03 -2.867679866676999723e+02
4.274999999999999911e-01 1.046443770139999970e+03 -2.508283647176000102e+02
4.324999999999999956e-01 1.034905089220000036e+03 -2.755916465979000236e+02
4.375000000000000000e-01 9.995182138553999494e+02 -2.625476956832000042e+02
4.425000000000000044e-01 9.760290912282999898e+02 -2.710973279364999939e+02
4.475000000000000089e-01 9.648959728551999433e+02 -3.087167664980000268e+02
4.525000000000000133e-01 9.476939515308999944e+02 -3.201758126897000238e+02
4.575000000000000178e-01 9.103729301350000469e+02 -2.973931910596999728e+02
4.625000000000000222e-01 9.084914225072000136e+02 -3.225502407089999792e+02
4.675000000000000266e-01 9.024293195159000334e+02 -3.244120331881999846e+02
4.724999999999999756e-01 8.805399760604000221e+02 -3.136192154944000094e+02
4.774999999999999800e-01 8.605337788795000051e+02 -3.146551833492999890e+02
4.824999999999999845e-01 8.494465190373000496e+02 -3.313147819088999881e+02
4.874999999999999889e-01 8.221536605244999691e+02 -3.100770722775000081e+02
4.924999999999999933e-01 8.117153844877999518e+02 -3.034481291385999953e+02
4.974999999999999978e-01 7.904672541145999958e+02 -3.138394599553000148e+02
