2.000000000000000000e+00 3.167624442900629944e+00 1.748140281490441339e+01
6.000000000000000000e+00 1.737334549679038886e+00 4.088397467438520394e-01
1.000000000000000000e+01 7.529499536165547013e-01 -1.027426287066005722e-01
1.400000000000000000e+01 3.906982486042251956e-01 -1.159846823295593021e-01
1.800000000000000000e+01 2.596127383805407196e-01 -1.048143795309430804e-01
2.200000000000000000e+01 1.725204862321559340e-01 -9.005849619080015522e-02
2.600000000000000000e+01 1.142489883024686015e-01 -7.945720012479690064e-02
3.000000000000000000e+01 8.061451438763200805e-02 -6.952813524318746108e-02
3.400000000000000000e+01 5.798204247584520798e-02 -5.862627108333483272e-02
3.800000000000000000e+01 4.219069275541874331e-02 -4.861253588696635985e-02
4.200000000000000000e+01 3.197661903514624482e-02 -4.046741944459489315e-02
4.600000000000000000e+01 2.439658808278160826e-02 -3.389991740735863457e-02
5.000000000000000000e+01 1.847860110117761218e-02 -2.871390959090107040e-02
5.400000000000000000e+01 1.428198234920523453e-02 -2.467325056621757010e-02
5.800000000000000000e+01 1.106947408322295386e-02 -2.137808590803866315e-02
6.200000000000000000e+01 8.461059962549819305e-03 -1.863889010561850870e-02
6.600000000000000000e+01 6.527713517483472831e-03 -1.638745519428623509e-02
7.000000000000000000e+01 5.006738319899594822e-03 -1.448418906356408777e-02
7.400000000000000000e+01 3.709335680518640807e-03 -1.282862420656838420e-02
7.800000000000000000e+01 2.737336023724703561e-03 -1.136291988103555091e-02
8.200000000000000000e+01 2.120043527436391278e-03 -9.992702392305458092e-03
8.600000000000000000e+01 1.927508064861759495e-03 -8.680108907782001226e-03
9.000000000000000000e+01 2.299376204528095526e-03 -7.489101850201329222e-03
9.400000000000000000e+01 3.027811199104057070e-03 -6.479721817051326688e-03
9.800000000000000000e+01 3.580756464351904193e-03 -5.668788011112396719e-03
1.020000000000000000e+02 3.573042806710832048e-03 -5.068136989319696473e-03
1.060000000000000000e+02 2.983537303069203062e-03 -4.677331785006164956e-03
1.100000000000000000e+02 2.068594145476246055e-03 -4.458660701389841746e-03
1.140000000000000000e+02 1.158222904218630511e-03 -4.339552000062469987e-03
1.180000000000000000e+02 4.385100447865251027e-04 -4.234531882543962969e-03
1.220000000000000000e+02 -7.140553633375668811e-05 -4.085409576898693662e-03
1.260000000000000000e+02 -3.985953675478320826e-04 -3.883227521586570322e-03
1.300000000000000000e+02 -5.826467128974174544e-04 -3.644543806010111606e-03
1.340000000000000000e+02 -6.803007144535597921e-04 -3.387122992362113279e-03
1.380000000000000000e+02 -7.257686042095665016e-04 -3.128548389929733994e-03
1.420000000000000000e+02 -7.335625536824991492e-04 -2.881696309166261599e-03
1.460000000000000000e+02 -7.240484395656752309e-04 -2.650390272268808058e-03
1.500000000000000000e+02 -7.066757464255018443e-04 -2.436333526807487118e-03
1.540000000000000000e+02 -6.788521259993678114e-04 -2.240890728794624632e-03
1.580000000000000000e+02 -6.464325251543854255e-04 -2.062063626446371603e-03
1.620000000000000000e+02 -6.140469291797070626e-04 -1.898211708786033246e-03
1.660000000000000000e+02 -5.788712111100968597e-04 -1.749294841117721676e-03
1.700000000000000000e+02 -5.442413981178353521e-04 -1.613527949431272333e-03
1.740000000000000000e+02 -5.136340430252960085e-04 -1.489154263009946199e-03
1.780000000000000000e+02 -4.829887218196296256e-04 -1.376026706468637308e-03
1.820000000000000000e+02 -4.519339379394065465e-04 -1.272979611386328321e-03
1.860000000000000000e+02 -4.232678983965511201e-04 -1.178527633766628981e-03
1.900000000000000000e+02 -3.954931933127898373e-04 -1.092601749680531748e-03
1.940000000000000000e+02 -3.692958287519641975e-04 -1.014643121433240602e-03
1.980000000000000000e+02 -3.478635323015829249e-04 -9.434783703876041408e-04
