# k     pk_smooth     pk_ratio
0.0001 418.228 1.43152e-12
0.000100543 420.417 -5.11258e-13
0.000101088 422.618 -4.17111e-12
0.000101637 424.829 -5.89817e-12
0.000102189 427.053 -1.52767e-12
0.000102743 429.288 1.11406e-11
0.000103301 431.534 2.16476e-11
0.000103862 433.793 1.44824e-11
0.000104425 436.063 -2.35095e-11
0.000104992 438.345 -5.47006e-11
0.000105562 440.639 -3.10734e-11
0.000106135 442.945 5.29887e-12
0.000106711 445.264 1.75919e-11
0.00010729 447.594 1.21132e-11
0.000107872 449.936 1.23945e-12
0.000108458 452.291 -4.32132e-12
0.000109046 454.658 -4.04732e-12
0.000109638 457.037 -1.24034e-12
0.000110233 459.429 8.83515e-13
0.000110831 461.833 1.22413e-12
0.000111433 464.25 5.97078e-13
0.000112038 466.68 -1.13576e-13
0.000112646 469.122 -3.37508e-13
0.000113257 471.577 -2.2804e-13
0.000113872 474.044 -1.94289e-14
0.00011449 476.525 8.28226e-14
0.000115111 479.019 7.34968e-14
0.000115736 481.525 2.26485e-14
0.000116364 484.045 -1.33227e-14
0.000116995 486.578 -1.42109e-14
0.00011763 489.124 -4.10783e-15
0.000118269 491.684 -9.99201e-16
0.000118911 494.256 -2.25375e-14
0.000119556 496.843 -3.27516e-14
0.000120205 499.443 -6.10623e-15
0.000120857 502.056 7.14984e-14
0.000121513 504.683 1.31894e-13
0.000122173 507.324 7.9714e-14
0.000122836 509.978 -1.69753e-13
0.000123503 512.647 -4.60187e-13
0.000124173 515.329 -4.3765e-13
0.000124847 518.025 2.4869e-13
0.000125524 520.736 1.4253e-12
0.000126206 523.461 1.87317e-12
0.00012689 526.199 2.56684e-13
0.000127579 528.953 -3.93796e-12
0.000128272 531.72 -7.05058e-12
0.000128968 534.502 -4.08718e-12
0.000129668 537.299 9.12004e-12
0.000130371 540.11 2.41065e-11
0.000131079 542.936 2.25073e-11
0.00013179 545.776 -1.36551e-11
0.000132506 548.632 -4.46283e-11
0.000133225 551.502 -2.96787e-11
0.000133948 554.387 -1.37723e-12
0.000134675 557.288 1.18636e-11
0.000135406 560.203 1.02838e-11
0.000136141 563.134 2.67919e-12
0.000136879 566.08 -2.57183e-12
0.000137622 569.042 -3.18545e-12
0.000138369 572.018 -1.41431e-12
0.00013912 575.011 3.89466e-13
0.000139875 578.019 9.00835e-13
0.000140634 581.043 5.67546e-13
0.000141398 584.082 2.04281e-14
0.000142165 587.138 -2.29039e-13
0.000142937 590.209 -1.944e-13
0.000143712 593.297 -4.80727e-14
0.000144492 596.4 5.32907e-14
0.000145277 599.52 6.23945e-14
0.000146065 602.656 2.66454e-14
0.000146858 605.808 -9.21485e-15
0.000147655 608.977 -1.94289e-14
0.000148456 612.163 -1.43219e-14
0.000149262 615.365 -8.88178e-16
0.000150072 618.583 8.21565e-15
0.000150886 621.819 1.33227e-14
0.000151705 625.071 6.21725e-15
0.000152529 628.341 -1.44329e-14
0.000153356 631.627 -3.67484e-14
0.000154189 634.931 -3.07532e-14
0.000155026 638.252 2.35367e-14
0.000155867 641.59 1.06359e-13
0.000156713 644.946 1.33005e-13
0.000157563 648.319 0
0.000158419 651.709 -3.09974e-13
0.000159278 655.118 -5.12257e-13
0.000160143 658.544 -2.49467e-13
0.000161012 661.988 7.55618e-13
0.000161886 665.45 1.79146e-12
0.000162764 668.93 1.52567e-12
0.000163648 672.428 -1.34459e-12
0.000164536 675.945 -5.70988e-12
0.000165429 679.479 -6.84697e-12
0.000166327 683.033 2.13607e-13
0.000167229 686.604 6.41642e-12
0.000168137 690.195 5.16476e-12
0.00016905 693.804 1.10023e-12
0.000169967 697.432 -1.45617e-12
0.000170889 701.079 -1.63813e-12
0.000171817 704.745 -6.58473e-13
0.000172749 708.43 2.4869e-13
0.000173687 712.134 4.74509e-13
0.00017463 715.857 2.74003e-13
0.000175577 719.6 -8.21565e-15
0.00017653 723.363 -1.25899e-13
0.000177488 727.145 -9.91429e-14
0.000178452 730.946 -2.25375e-14
0.00017942 734.768 2.57572e-14
0.000180394 738.609 2.57572e-14
0.000181373 742.471 8.21565e-15
0.000182357 746.353 -8.88178e-16
0.000183347 750.254 3.9968e-15
0.000184342 754.177 1.02141e-14
0.000185343 758.119 3.10862e-15
0.000186349 762.082 -2.65343e-14
0.00018736 766.066 -4.80727e-14
0.000188377 770.071 -2.05391e-14
0.000189399 774.096 7.57172e-14
0.000190427 778.143 1.72751e-13
0.000191461 782.21 1.35891e-13
0.0001925 786.299 -1.54432e-13
0.000193544 790.409 -5.66547e-13
0.000194595 794.54 -6.44262e-13
0.000195651 798.693 9.92539e-14
0.000196713 802.867 1.66689e-12
0.00019778 807.063 2.56262e-12
0.000198854 811.282 9.88987e-13
0.000199933 815.522 -4.25393e-12
0.000201018 819.784 -9.15301e-12
0.000202109 824.068 -7.03004e-12
0.000203206 828.375 8.42171e-12
0.000204309 832.704 2.98503e-11
0.000205418 837.055 3.32421e-11
0.000206533 841.429 -6.40832e-12
0.000207653 845.826 -8.67012e-11
0.00020878 850.246 -1.23094e-10
0.000209914 854.689 -2.97153e-11
0.000211053 859.155 5.83089e-11
0.000212198 863.644 5.99789e-11
0.00021335 868.156 2.14644e-11
0.000214508 872.692 -1.10222e-11
0.000215672 877.252 -1.77219e-11
0.000216843 881.835 -9.53226e-12
0.000218019 886.443 9.35696e-13
0.000219203 891.074 4.76508e-12
0.000220392 895.729 3.50431e-12
0.000221588 900.408 5.24469e-13
0.000222791 905.112 -1.13609e-12
0.000224 909.84 -1.1442e-12
0.000225216 914.593 -3.95795e-13
0.000226438 919.37 2.17826e-13
0.000227667 924.173 3.31291e-13
0.000228903 929 1.68754e-13
0.000230145 933.852 -1.84297e-14
0.000231394 938.73 -6.83897e-14
0.00023265 943.633 -3.16414e-14
0.000233913 948.561 8.88178e-16
0.000235182 953.515 -4.08562e-14
0.000236459 958.495 -1.0536e-13
0.000237742 963.5 -8.28226e-14
0.000239032 968.532 1.26787e-13
0.000240329 973.59 4.14113e-13
0.000241634 978.674 4.3765e-13
0.000242945 983.784 -1.46327e-13
0.000244264 988.921 -1.26799e-12
0.000245589 994.085 -1.81299e-12
0.000246922 999.275 -5.03042e-13
0.000248262 1004.49 3.36819e-12
0.00024961 1009.74 6.63447e-12
0.000250964 1015.01 4.52793e-12
0.000252327 1020.31 -7.23865e-12
0.000253696 1025.63 -2.21096e-11
0.000255073 1030.99 -2.27601e-11
0.000256457 1036.37 8.53229e-12
0.000257849 1041.78 6.69917e-11
0.000259248 1047.22 9.40696e-11
0.000260655 1052.68 2.33489e-11
0.00026207 1058.18 -1.73042e-10
0.000263492 1063.7 -2.78935e-10
0.000264923 1069.25 -1.05474e-10
0.00026636 1074.83 7.35767e-11
0.000267806 1080.44 1.03722e-10
0.000269259 1086.08 5.12821e-11
0.000270721 1091.75 -8.90132e-12
0.00027219 1097.44 -2.8566e-11
0.000273667 1103.17 -1.95348e-11
0.000275153 1108.93 -1.89782e-12
0.000276646 1114.71 7.03926e-12
0.000278147 1120.53 6.5381e-12
0.000279657 1126.38 1.97353e-12
0.000281175 1132.25 -1.45084e-12
0.000282701 1138.16 -1.98275e-12
0.000284235 1144.1 -9.55125e-13
0.000285778 1150.06 1.86295e-13
0.000287329 1156.06 5.40901e-13
0.000288888 1162.09 3.56826e-13
0.000290456 1168.15 2.64233e-14
0.000292032 1174.25 -1.08247e-13
0.000293617 1180.37 -7.23865e-14
0.000295211 1186.53 -3.10862e-15
0.000296813 1192.71 -3.67484e-14
0.000298424 1198.93 -1.44107e-13
0.000300043 1205.19 -1.5643e-13
0.000301672 1211.47 8.90399e-14
0.000303309 1217.79 5.49116e-13
0.000304955 1224.14 7.39186e-13
0.00030661 1230.52 1.2057e-13
0.000308274 1236.93 -1.53799e-12
0.000309947 1243.38 -2.79143e-12
0.00031163 1249.86 -1.65856e-12
0.000313321 1256.38 3.53184e-12
0.000315021 1262.93 9.51395e-12
0.000316731 1269.51 9.00657e-12
0.00031845 1276.12 -5.28666e-12
0.000320178 1282.77 -2.95427e-11
0.000321916 1289.46 -3.85921e-11
0.000323663 1296.18 -4.857e-12
0.00032542 1302.93 8.18943e-11
0.000327186 1309.72 1.45535e-10
0.000328962 1316.55 8.31428e-11
0.000330747 1323.41 -1.80629e-10
0.000332542 1330.3 -3.25831e-10
0.000334347 1337.23 -1.59273e-10
0.000336161 1344.2 4.21394e-11
0.000337986 1351.2 1.00947e-10
0.00033982 1358.24 6.41633e-11
0.000341665 1365.31 2.60147e-12
0.000343519 1372.42 -2.56375e-11
0.000345383 1379.57 -2.20658e-11
0.000347258 1386.75 -5.6537e-12
0.000349142 1393.97 5.57998e-12
0.000351037 1401.23 6.85008e-12
0.000352942 1408.53 3.01648e-12
0.000354858 1415.86 -8.57869e-13
0.000356784 1423.23 -1.93789e-12
0.00035872 1430.64 -1.20759e-12
0.000360667 1438.09 -3.16414e-14
0.000362625 1445.57 4.8983e-13
0.000364593 1453.1 4.07008e-13
0.000366571 1460.66 9.81437e-14
0.000368561 1468.26 -9.20375e-14
0.000370561 1475.9 -9.30367e-14
0.000372572 1483.58 -2.14273e-14
0.000374594 1491.3 -6.10623e-15
0.000376627 1499.06 -8.08242e-14
0.000378671 1506.86 -1.23679e-13
0.000380726 1514.7 -2.10942e-15
0.000382793 1522.57 3.30402e-13
0.00038487 1530.49 5.5822e-13
0.000386959 1538.45 2.7911e-13
0.000389059 1546.45 -8.15015e-13
0.000391171 1554.5 -1.96931e-12
0.000393294 1562.58 -1.70253e-12
0.000395428 1570.7 1.42442e-12
0.000397574 1578.87 6.25588e-12
0.000399732 1587.08 7.5997e-12
0.000401902 1595.33 -8.69305e-14
0.000404083 1603.62 -1.78896e-11
0.000406276 1611.96 -2.9429e-11
0.000408481 1620.33 -1.40356e-11
0.000410698 1628.75 4.38594e-11
0.000412927 1637.22 1.0305e-10
0.000415168 1645.73 8.69322e-11
0.000417421 1654.28 -7.31269e-11
0.000419686 1662.87 -1.59654e-10
0.000421964 1671.51 -9.55381e-11
0.000424254 1680.19 1.9531e-12
0.000426557 1688.92 4.21956e-11
0.000428872 1697.69 3.34386e-11
0.0004312 1706.51 6.82854e-12
0.00043354 1715.37 -8.81129e-12
0.000435893 1724.28 -8.77765e-12
0.000438258 1733.23 -2.6259e-12
0.000440637 1742.23 4.50751e-14
0.000443028 1751.27 -3.39073e-12
0.000445433 1760.36 -5.81935e-12
0.00044785 1769.5 5.92193e-13
0.000450281 1778.68 1.80767e-11
0.000452725 1787.91 2.92992e-11
0.000455182 1797.19 1.26694e-11
0.000457652 1806.51 -4.72287e-11
0.000460136 1815.88 -1.05845e-10
0.000462633 1825.3 -8.49772e-11
0.000465144 1834.77 9.02187e-11
0.000467669 1844.28 3.42671e-10
0.000470207 1853.85 3.93643e-10
0.000472759 1863.46 -4.94732e-11
0.000475324 1873.12 -1.00077e-09
0.000477904 1882.83 -1.55682e-09
0.000480498 1892.59 -6.25524e-10
0.000483106 1902.4 2.53877e-09
0.000485728 1912.26 5.54436e-09
0.000488364 1922.17 4.33093e-09
0.000491014 1932.13 -4.95344e-09
0.000493679 1942.14 -1.80183e-08
0.000496358 1952.21 -2.03083e-08
0.000499052 1962.32 3.38632e-09
0.000501761 1972.48 6.56783e-08
0.000504484 1982.7 1.71108e-07
0.000507222 1992.96 3.22651e-07
0.000509975 2003.28 5.23285e-07
0.000512743 2013.65 7.75999e-07
0.000515525 2024.08 1.08379e-06
0.000518323 2034.55 1.44965e-06
0.000521136 2045.08 1.87661e-06
0.000523965 2055.67 2.36775e-06
0.000526808 2066.3 2.92613e-06
0.000529668 2076.99 3.55425e-06
0.000532542 2087.73 4.25389e-06
0.000535432 2098.53 5.02679e-06
0.000538338 2109.38 5.87469e-06
0.00054126 2120.29 6.79938e-06
0.000544198 2131.25 7.80265e-06
0.000547151 2142.27 8.88633e-06
0.000550121 2153.34 1.00522e-05
0.000553106 2164.47 1.13023e-05
0.000556108 2175.65 1.26384e-05
0.000559126 2186.89 1.40623e-05
0.000562161 2198.19 1.55762e-05
0.000565212 2209.54 1.71818e-05
0.000568279 2220.95 1.88813e-05
0.000571364 2232.42 2.06766e-05
0.000574465 2243.94 2.25698e-05
0.000577582 2255.53 2.45629e-05
0.000580717 2267.17 2.66579e-05
0.000583869 2278.86 2.88571e-05
0.000587038 2290.62 3.11625e-05
0.000590224 2302.44 3.35764e-05
0.000593427 2314.31 3.61008e-05
0.000596648 2326.25 3.87381e-05
0.000599886 2338.24 4.14904e-05
0.000603142 2350.29 4.436e-05
0.000606415 2362.41 4.73492e-05
0.000609706 2374.58 5.04604e-05
0.000613015 2386.82 5.36958e-05
0.000616342 2399.11 5.70579e-05
0.000619687 2411.47 6.05491e-05
0.00062305 2423.89 6.41717e-05
0.000626432 2436.37 6.79283e-05
0.000629832 2448.91 7.18214e-05
0.00063325 2461.52 7.58534e-05
0.000636687 2474.18 8.0027e-05
0.000640142 2486.91 8.43446e-05
0.000643616 2499.71 8.88089e-05
0.00064711 2512.56 9.34226e-05
0.000650622 2525.49 9.81883e-05
0.000654153 2538.47 0.000103109
0.000657703 2551.52 0.000108187
0.000661272 2564.63 0.000113425
0.000664861 2577.81 0.000118825
0.00066847 2591.05 0.000124391
0.000672098 2604.36 0.000130121
0.000675745 2617.74 0.000136018
0.000679413 2631.18 0.000142083
0.0006831 2644.68 0.000148316
0.000686808 2658.26 0.00015472
0.000690535 2671.9 0.000161295
0.000694283 2685.6 0.000168042
0.000698051 2699.38 0.000174964
0.000701839 2713.22 0.00018206
0.000705648 2727.13 0.000189333
0.000709478 2741.11 0.000196784
0.000713329 2755.16 0.000204415
0.0007172 2769.27 0.000212227
0.000721093 2783.46 0.000220221
0.000725006 2797.71 0.000228399
0.000728941 2812.04 0.000236763
0.000732897 2826.43 0.000245314
0.000736875 2840.9 0.000254053
0.000740874 2855.43 0.000262984
0.000744895 2870.04 0.000272107
0.000748938 2884.72 0.000281424
0.000753002 2899.47 0.000290937
0.000757089 2914.29 0.000300648
0.000761198 2929.18 0.000310558
0.000765329 2944.15 0.000320671
0.000769483 2959.19 0.000330986
0.000773659 2974.3 0.000341508
0.000777858 2989.49 0.000352237
0.00078208 3004.75 0.000363176
0.000786324 3020.08 0.000374326
0.000790592 3035.49 0.000385691
0.000794882 3050.97 0.000397272
0.000799196 3066.53 0.000409072
0.000803534 3082.16 0.000421092
0.000807895 3097.87 0.000433336
0.00081228 3113.65 0.000445805
0.000816688 3129.51 0.000458502
0.00082112 3145.45 0.000471429
0.000825577 3161.47 0.000484589
0.000830058 3177.56 0.000497985
0.000834562 3193.73 0.000511619
0.000839092 3209.97 0.000525493
0.000843646 3226.3 0.000539607
0.000848225 3242.7 0.000553963
0.000852828 3259.18 0.00056856
0.000857457 3275.74 0.000583399
0.00086211 3292.38 0.000598482
0.000866789 3309.1 0.000613808
0.000871493 3325.9 0.000629379
0.000876223 3342.78 0.000645196
0.000880979 3359.74 0.000661258
0.00088576 3376.78 0.000677568
0.000890567 3393.91 0.000694126
0.000895401 3411.11 0.000710934
0.00090026 3428.4 0.000727991
0.000905146 3445.77 0.000745301
0.000910059 3463.22 0.000762862
0.000914998 3480.76 0.000780678
0.000919964 3498.37 0.000798748
0.000924957 3516.08 0.000817075
0.000929977 3533.86 0.00083566
0.000935024 3551.73 0.000854504
0.000940099 3569.69 0.000873608
0.000945201 3587.72 0.000892975
0.000950331 3605.85 0.000912606
0.000955488 3624.06 0.000932502
0.000960674 3642.36 0.000952665
0.000965888 3660.74 0.000973096
0.00097113 3679.21 0.000993799
0.000976401 3697.76 0.00101477
0.0009817 3716.41 0.00103602
0.000987028 3735.14 0.00105755
0.000992385 3753.96 0.00107935
0.00099777 3772.86 0.00110144
0.00100319 3791.86 0.0011238
0.00100863 3810.94 0.00114645
0.0010141 3830.12 0.00116939
0.00101961 3849.38 0.00119262
0.00102514 3868.73 0.00121614
0.00103071 3888.18 0.00123995
0.0010363 3907.71 0.00126406
0.00104192 3927.33 0.00128847
0.00104758 3947.05 0.00131318
0.00105326 3966.86 0.00133819
0.00105898 3986.76 0.00136351
0.00106473 4006.75 0.00138913
0.00107051 4026.83 0.00141505
0.00107632 4047.01 0.00144127
0.00108216 4067.28 0.00146778
0.00108803 4087.65 0.00149459
0.00109394 4108.11 0.0015217
0.00109987 4128.66 0.00154911
0.00110584 4149.3 0.0015768
0.00111184 4170.05 0.00160479
0.00111788 4190.88 0.00163307
0.00112395 4211.82 0.00166164
0.00113005 4232.85 0.00169049
0.00113618 4253.97 0.00171964
0.00114234 4275.19 0.00174908
0.00114854 4296.51 0.0017788
0.00115478 4317.93 0.00180881
0.00116105 4339.44 0.0018391
0.00116735 4361.06 0.00186968
0.00117368 4382.77 0.00190055
0.00118005 4404.57 0.0019317
0.00118646 4426.48 0.00196313
0.0011929 4448.49 0.00199485
0.00119937 4470.6 0.00202686
0.00120588 4492.8 0.00205915
0.00121242 4515.11 0.00209172
0.001219 4537.52 0.00212458
0.00122562 4560.03 0.00215773
0.00123227 4582.64 0.00219115
0.00123896 4605.35 0.00222487
0.00124568 4628.17 0.00225887
0.00125244 4651.08 0.00229316
0.00125924 4674.1 0.00232773
0.00126608 4697.22 0.00236259
0.00127295 4720.45 0.00239774
0.00127986 4743.78 0.00243318
0.0012868 4767.21 0.0024689
0.00129379 4790.75 0.00250492
0.00130081 4814.39 0.00254123
0.00130787 4838.14 0.00257784
0.00131497 4861.99 0.00261473
0.0013221 4885.95 0.00265193
0.00132928 4910.02 0.00268941
0.00133649 4934.19 0.0027272
0.00134375 4958.47 0.00276527
0.00135104 4982.85 0.00280365
0.00135837 5007.34 0.00284231
0.00136574 5031.94 0.00288126
0.00137316 5056.65 0.00292051
0.00138061 5081.47 0.00296004
0.0013881 5106.39 0.00299987
0.00139563 5131.42 0.00303999
0.00140321 5156.57 0.00308039
0.00141082 5181.82 0.00312109
0.00141848 5207.18 0.00316207
0.00142618 5232.65 0.00320335
0.00143392 5258.24 0.00324491
0.0014417 5283.93 0.00328676
0.00144953 5309.74 0.0033289
0.00145739 5335.65 0.00337133
0.0014653 5361.68 0.00341405
0.00147326 5387.82 0.00345707
0.00148125 5414.07 0.00350037
0.00148929 5440.44 0.00354396
0.00149737 5466.92 0.00358785
0.0015055 5493.51 0.00363204
0.00151367 5520.22 0.00367651
0.00152189 5547.04 0.00372128
0.00153015 5573.97 0.00376635
0.00153845 5601.02 0.00381172
0.0015468 5628.18 0.00385739
0.00155519 5655.46 0.00390335
0.00156364 5682.85 0.00394962
0.00157212 5710.36 0.00399619
0.00158065 5737.99 0.00404307
0.00158923 5765.73 0.00409026
0.00159786 5793.59 0.00413775
0.00160653 5821.56 0.00418556
0.00161525 5849.66 0.00423368
0.00162402 5877.87 0.00428211
0.00163283 5906.2 0.00433087
0.00164169 5934.64 0.00437994
0.0016506 5963.21 0.00442933
0.00165956 5991.89 0.00447905
0.00166857 6020.69 0.0045291
0.00167762 6049.61 0.00457948
0.00168673 6078.65 0.00463018
0.00169588 6107.81 0.0046812
0.00170508 6137.09 0.00473255
0.00171434 6166.49 0.00478421
0.00172364 6196.01 0.0048362
0.001733 6225.65 0.0048885
0.0017424 6255.42 0.00494112
0.00175186 6285.3 0.00499405
0.00176137 6315.31 0.00504729
0.00177093 6345.43 0.00510085
0.00178054 6375.68 0.00515471
0.0017902 6406.05 0.00520889
0.00179992 6436.55 0.00526338
0.00180969 6467.16 0.00531817
0.00181951 6497.9 0.00537328
0.00182938 6528.76 0.00542869
0.00183931 6559.75 0.00548441
0.00184929 6590.86 0.00554044
0.00185933 6622.09 0.00559677
0.00186942 6653.45 0.00565342
0.00187957 6684.93 0.00571037
0.00188977 6716.54 0.00576763
0.00190002 6748.27 0.0058252
0.00191034 6780.13 0.00588307
0.0019207 6812.11 0.00594126
0.00193113 6844.21 0.00599976
0.00194161 6876.45 0.00605857
0.00195215 6908.8 0.00611769
0.00196274 6941.29 0.00617712
0.00197339 6973.9 0.00623687
0.0019841 7006.63 0.00629694
0.00199487 7039.5 0.00635732
0.0020057 7072.49 0.00641803
0.00201658 7105.6 0.00647905
0.00202753 7138.85 0.0065404
0.00203853 7172.22 0.00660207
0.0020496 7205.72 0.00666407
0.00206072 7239.34 0.0067264
0.0020719 7273.09 0.00678907
0.00208315 7306.98 0.00685206
0.00209446 7340.98 0.0069154
0.00210582 7375.12 0.00697907
0.00211725 7409.39 0.00704308
0.00212874 7443.78 0.00710743
0.0021403 7478.3 0.00717212
0.00215191 7512.95 0.00723715
0.00216359 7547.73 0.00730251
0.00217533 7582.64 0.00736821
0.00218714 7617.68 0.00743425
0.00219901 7652.84 0.00750063
0.00221094 7688.14 0.00756734
0.00222294 7723.57 0.00763439
0.00223501 7759.12 0.00770179
0.00224714 7794.8 0.00776952
0.00225933 7830.62 0.00783759
0.0022716 7866.56 0.00790601
0.00228392 7902.63 0.00797477
0.00229632 7938.83 0.00804387
0.00230878 7975.17 0.00811332
0.00232131 8011.63 0.00818312
0.00233391 8048.22 0.00825327
0.00234658 8084.94 0.00832377
0.00235931 8121.79 0.00839463
0.00237212 8158.77 0.00846584
0.00238499 8195.89 0.00853741
0.00239794 8233.13 0.00860934
0.00241095 8270.5 0.00868164
0.00242404 8308 0.0087543
0.00243719 8345.63 0.00882733
0.00245042 8383.39 0.00890073
0.00246372 8421.29 0.00897451
0.00247709 8459.31 0.00904868
0.00249053 8497.46 0.00912322
0.00250405 8535.74 0.00919815
0.00251764 8574.15 0.00927347
0.0025313 8612.69 0.00934919
0.00254504 8651.37 0.00942531
0.00255885 8690.17 0.00950183
0.00257274 8729.1 0.00957876
0.0025867 8768.16 0.00965611
0.00260074 8807.35 0.00973387
0.00261486 8846.67 0.00981205
0.00262905 8886.12 0.00989067
0.00264332 8925.7 0.00996972
0.00265766 8965.4 0.0100492
0.00267209 9005.24 0.0101291
0.00268659 9045.2 0.0102095
0.00270117 9085.3 0.0102903
0.00271583 9125.52 0.0103716
0.00273057 9165.87 0.0104533
0.00274539 9206.35 0.0105354
0.00276029 9246.96 0.010618
0.00277527 9287.69 0.0107011
0.00279033 9328.56 0.0107846
0.00280548 9369.55 0.0108686
0.0028207 9410.67 0.010953
0.00283601 9451.91 0.0110379
0.0028514 9493.28 0.0111233
0.00286688 9534.78 0.0112092
0.00288244 9576.41 0.0112955
0.00289808 9618.16 0.0113824
0.00291381 9660.04 0.0114697
0.00292963 9702.04 0.0115575
0.00294552 9744.17 0.0116458
0.00296151 9786.43 0.0117346
0.00297758 9828.81 0.011824
0.00299374 9871.31 0.0119138
0.00300999 9913.94 0.0120042
0.00302633 9956.69 0.0120951
0.00304275 9999.57 0.0121865
0.00305927 10042.6 0.0122785
0.00307587 10085.7 0.012371
0.00309256 10128.9 0.012464
0.00310935 10172.3 0.0125576
0.00312622 10215.8 0.0126518
0.00314319 10259.4 0.0127466
0.00316025 10303.1 0.0128419
0.0031774 10347 0.0129378
0.00319465 10391 0.0130343
0.00321198 10435.1 0.0131315
0.00322942 10479.3 0.0132292
0.00324694 10523.6 0.0133275
0.00326456 10568 0.0134265
0.00328228 10612.6 0.0135261
0.0033001 10657.3 0.0136264
0.00331801 10702.1 0.0137273
0.00333601 10747 0.0138289
0.00335412 10792 0.0139311
0.00337232 10837.2 0.014034
0.00339063 10882.5 0.0141376
0.00340903 10927.8 0.0142419
0.00342753 10973.3 0.0143468
0.00344613 11018.9 0.0144524
0.00346483 11064.7 0.0145588
0.00348364 11110.5 0.0146658
0.00350255 11156.4 0.0147736
0.00352156 11202.5 0.014882
0.00354067 11248.6 0.0149912
0.00355988 11294.9 0.0151011
0.0035792 11341.3 0.0152118
0.00359863 11387.8 0.0153232
0.00361816 11434.4 0.0154353
0.0036378 11481.1 0.0155482
0.00365754 11527.9 0.0156619
0.00367739 11574.8 0.0157763
0.00369735 11621.8 0.0158915
0.00371742 11669 0.0160075
0.00373759 11716.2 0.0161243
0.00375788 11763.5 0.0162418
0.00377827 11810.9 0.0163602
0.00379878 11858.5 0.0164795
0.00381939 11906.1 0.0165995
0.00384012 11953.8 0.0167204
0.00386096 12001.6 0.0168421
0.00388192 12049.6 0.0169647
0.00390299 12097.6 0.0170882
0.00392417 12145.7 0.0172126
0.00394547 12193.9 0.0173378
0.00396688 12242.2 0.0174639
0.00398841 12290.6 0.017591
0.00401006 12339.1 0.017719
0.00403182 12387.7 0.0178479
0.0040537 12436.3 0.0179777
0.0040757 12485.1 0.0181085
0.00409782 12533.9 0.0182403
0.00412006 12582.9 0.018373
0.00414242 12631.9 0.0185068
0.0041649 12681 0.0186415
0.00418751 12730.2 0.0187773
0.00421023 12779.4 0.0189141
0.00423308 12828.8 0.0190519
0.00425606 12878.2 0.0191907
0.00427916 12927.7 0.0193307
0.00430238 12977.3 0.0194716
0.00432573 13026.9 0.0196136
0.00434921 13076.7 0.0197567
0.00437281 13126.5 0.0199009
0.00439655 13176.4 0.0200461
0.00442041 13226.3 0.0201924
0.0044444 13276.3 0.0203399
0.00446852 13326.4 0.0204884
0.00449277 13376.6 0.0206381
0.00451715 13426.8 0.0207888
0.00454167 13477.1 0.0209407
0.00456632 13527.5 0.0210938
0.0045911 13577.9 0.021248
0.00461602 13628.4 0.0214033
0.00464107 13678.9 0.0215598
0.00466626 13729.5 0.0217175
0.00469158 13780.2 0.0218764
0.00471705 13830.9 0.0220365
0.00474265 13881.6 0.0221978
0.00476839 13932.5 0.0223603
0.00479427 13983.3 0.022524
0.00482029 14034.2 0.022689
0.00484645 14085.2 0.0228552
0.00487275 14136.2 0.0230227
0.0048992 14187.3 0.0231914
0.00492578 14238.4 0.0233614
0.00495252 14289.5 0.0235328
0.0049794 14340.7 0.0237054
0.00500642 14391.9 0.0238793
0.00503359 14443.2 0.0240546
0.00506091 14494.5 0.0242312
0.00508838 14545.8 0.0244092
0.00511599 14597.2 0.0245885
0.00514376 14648.6 0.0247692
0.00517168 14700 0.0249513
0.00519974 14751.4 0.0251348
0.00522797 14802.9 0.0253198
0.00525634 14854.4 0.0255061
0.00528487 14905.9 0.0256939
0.00531355 14957.4 0.0258831
0.00534239 15009 0.0260738
0.00537138 15060.6 0.0262659
0.00540053 15112.1 0.0264594
0.00542984 15163.7 0.0266544
0.00545931 15215.3 0.0268509
0.00548894 15267 0.0270488
0.00551873 15318.6 0.0272481
0.00554868 15370.2 0.0274489
0.0055788 15421.8 0.0276512
0.00560908 15473.5 0.0278549
0.00563952 15525.1 0.0280601
0.00567012 15576.7 0.0282667
0.0057009 15628.3 0.0284748
0.00573184 15680 0.0286844
0.00576295 15731.6 0.0288954
0.00579422 15783.1 0.0291079
0.00582567 15834.7 0.0293218
0.00585729 15886.3 0.0295373
0.00588908 15937.8 0.0297542
0.00592104 15989.4 0.0299725
0.00595317 16040.9 0.0301924
0.00598548 16092.4 0.0304137
0.00601797 16143.8 0.0306365
0.00605063 16195.2 0.0308608
0.00608347 16246.6 0.0310865
0.00611648 16298 0.0313138
0.00614968 16349.3 0.0315425
0.00618306 16400.6 0.0317727
0.00621661 16451.9 0.0320043
0.00625035 16503.1 0.0322375
0.00628427 16554.3 0.0324721
0.00631838 16605.4 0.0327083
0.00635267 16656.5 0.0329458
0.00638715 16707.5 0.0331849
0.00642182 16758.5 0.0334255
0.00645667 16809.4 0.0336675
0.00649171 16860.3 0.033911
0.00652694 16911.1 0.034156
0.00656237 16961.8 0.0344025
0.00659798 17012.5 0.0346504
0.00663379 17063.1 0.0348998
0.00666979 17113.6 0.0351507
0.00670599 17164.1 0.035403
0.00674239 17214.5 0.0356567
0.00677898 17264.9 0.0359118
0.00681577 17315.1 0.0361683
0.00685276 17365.3 0.0364261
0.00688995 17415.4 0.0366853
0.00692735 17465.4 0.0369458
0.00696495 17515.3 0.0372077
0.00700275 17565.1 0.0374707
0.00704075 17614.8 0.0377351
0.00707896 17664.5 0.0380007
0.00711738 17714 0.0382674
0.00715601 17763.5 0.0385354
0.00719485 17812.8 0.0388045
0.0072339 17862 0.0390747
0.00727316 17911.2 0.039346
0.00731263 17960.2 0.0396184
0.00735232 18009.1 0.0398919
0.00739222 18057.9 0.0401663
0.00743234 18106.6 0.0404418
0.00747268 18155.2 0.0407181
0.00751323 18203.7 0.0409954
0.00755401 18252 0.0412736
0.00759501 18300.2 0.0415526
0.00763623 18348.3 0.0418325
0.00767767 18396.2 0.0421131
0.00771934 18444.1 0.0423944
0.00776124 18491.7 0.0426765
0.00780336 18539.3 0.0429592
0.00784571 18586.7 0.0432425
0.00788829 18634 0.0435264
0.0079311 18681.1 0.0438108
0.00797415 18728.1 0.0440957
0.00801742 18775 0.044381
0.00806094 18821.7 0.0446667
0.00810469 18868.3 0.0449528
0.00814867 18914.7 0.0452391
0.0081929 18960.9 0.0455256
0.00823736 19007 0.0458123
0.00828207 19052.9 0.0460991
0.00832702 19098.7 0.046386
0.00837221 19144.3 0.0466729
0.00841765 19189.8 0.0469596
0.00846333 19235.1 0.0472462
0.00850927 19280.2 0.0475325
0.00855545 19325.2 0.0478184
0.00860188 19370 0.0481039
0.00864857 19414.6 0.0483887
0.0086955 19459 0.0486729
0.0087427 19503.3 0.0489563
0.00879015 19547.4 0.0492388
0.00883785 19591.3 0.0495203
0.00888582 19635.1 0.0498007
0.00893404 19678.6 0.0500799
0.00898253 19722 0.0503577
0.00903128 19765.2 0.050634
0.0090803 19808.2 0.0509088
0.00912958 19851.1 0.0511818
0.00917913 19893.7 0.0514529
0.00922894 19936.2 0.0517221
0.00927903 19978.5 0.0519891
0.00932939 20020.5 0.0522539
0.00938003 20062.4 0.0525163
0.00943093 20104.2 0.0527761
0.00948212 20145.7 0.0530331
0.00953358 20187 0.0532873
0.00958532 20228.2 0.0535385
0.00963734 20269.1 0.0537864
0.00968965 20309.9 0.054031
0.00974224 20350.5 0.0542721
0.00979511 20390.9 0.0545094
0.00984827 20431.1 0.0547428
0.00990172 20471.1 0.0549721
0.00995546 20510.9 0.0551972
0.0100095 20550.6 0.0554177
0.0100638 20590 0.0556336
0.0101184 20629.3 0.0558446
0.0101733 20668.4 0.0560504
0.0102286 20707.2 0.0562509
0.0102841 20745.9 0.0564461
0.0103399 20784.5 0.0566358
0.010396 20822.8 0.0568208
0.0104524 20860.9 0.0570017
0.0105092 20898.7 0.0571792
0.0105662 20936.3 0.057354
0.0106235 20973.6 0.057527
0.0106812 21010.6 0.057699
0.0107392 21047.3 0.0578704
0.0107974 21083.7 0.0580415
0.0108561 21119.7 0.0582126
0.010915 21155.5 0.0583837
0.0109742 21190.8 0.0585546
0.0110338 21225.9 0.0587248
0.0110937 21260.6 0.0588942
0.0111539 21295 0.0590623
0.0112144 21329 0.059229
0.0112753 21362.7 0.059394
0.0113365 21396.1 0.0595573
0.011398 21429.2 0.0597188
0.0114598 21461.9 0.0598786
0.011522 21494.2 0.0600366
0.0115846 21526.2 0.060193
0.0116474 21557.9 0.0603477
0.0117107 21589.2 0.0605008
0.0117742 21620.1 0.0606522
0.0118381 21650.7 0.060802
0.0119024 21680.9 0.06095
0.011967 21710.7 0.0610963
0.0120319 21740.1 0.0612407
0.0120972 21769.2 0.0613832
0.0121629 21797.9 0.0615237
0.0122289 21826.1 0.0616621
0.0122952 21854 0.0617984
0.012362 21881.5 0.0619326
0.0124291 21908.7 0.0620645
0.0124965 21935.4 0.0621942
0.0125643 21961.7 0.0623215
0.0126325 21987.6 0.0624466
0.0127011 22013.1 0.0625692
0.01277 22038.1 0.0626893
0.0128393 22062.8 0.062807
0.012909 22087.1 0.0629221
0.0129791 22110.9 0.0630346
0.0130495 22134.3 0.0631444
0.0131203 22157.3 0.0632514
0.0131915 22179.8 0.0633557
0.0132631 22201.9 0.0634571
0.0133351 22223.6 0.0635555
0.0134075 22244.9 0.063651
0.0134803 22265.7 0.0637435
0.0135534 22286 0.0638328
0.013627 22305.9 0.063919
0.0137009 22325.4 0.064002
0.0137753 22344.3 0.0640816
0.0138501 22362.9 0.0641579
0.0139252 22380.9 0.0642308
0.0140008 22398.5 0.0643002
0.0140768 22415.6 0.064366
0.0141532 22432.3 0.0644282
0.01423 22448.5 0.0644867
0.0143072 22464.1 0.0645415
0.0143849 22479.4 0.0645924
0.0144629 22494.1 0.0646394
0.0145414 22508.3 0.0646824
0.0146204 22522 0.0647214
0.0146997 22535.2 0.0647563
0.0147795 22548 0.064787
0.0148597 22560.2 0.0648134
0.0149404 22571.9 0.0648354
0.0150214 22583.1 0.0648531
0.015103 22593.8 0.0648662
0.0151849 22604 0.0648748
0.0152673 22613.6 0.0648787
0.0153502 22622.8 0.0648779
0.0154335 22631.4 0.0648723
0.0155173 22639.5 0.0648618
0.0156015 22647 0.0648464
0.0156862 22654.1 0.0648259
0.0157713 22660.6 0.0648002
0.0158569 22666.5 0.0647694
0.015943 22671.9 0.0647333
0.0160295 22676.8 0.0646918
0.0161165 22681.1 0.0646448
0.0162039 22684.9 0.0645923
0.0162919 22688.2 0.0645342
0.0163803 22690.9 0.0644703
0.0164692 22693 0.0644007
0.0165586 22694.6 0.0643252
0.0166485 22695.6 0.0642437
0.0167388 22696 0.0641561
0.0168297 22695.9 0.0640624
0.016921 22695.3 0.0639625
0.0170128 22694.1 0.0638563
0.0171052 22692.3 0.0637436
0.017198 22689.9 0.0636245
0.0172913 22686.9 0.0634987
0.0173852 22683.4 0.0633663
0.0174795 22679.3 0.0632272
0.0175744 22674.7 0.0630811
0.0176698 22669.4 0.0629282
0.0177657 22663.6 0.0627682
0.0178621 22657.2 0.0626011
0.017959 22650.2 0.0624267
0.0180565 22642.6 0.0622451
0.0181545 22634.4 0.0620561
0.018253 22625.6 0.0618596
0.0183521 22616.2 0.0616555
0.0184517 22606.3 0.0614437
0.0185518 22595.7 0.0612242
0.0186525 22584.6 0.0609969
0.0187538 22572.8 0.0607616
0.0188555 22560.5 0.0605183
0.0189579 22547.5 0.0602669
0.0190608 22533.9 0.0600073
0.0191642 22519.8 0.0597394
0.0192682 22505 0.0594631
0.0193728 22489.6 0.0591784
0.0194779 22473.7 0.0588851
0.0195837 22457.1 0.0585832
0.0196899 22439.9 0.0582726
0.0197968 22422.1 0.0579531
0.0199042 22403.7 0.0576248
0.0200123 22384.6 0.0572875
0.0201209 22365 0.0569411
0.0202301 22344.7 0.0565856
0.0203399 22323.9 0.0562209
0.0204503 22302.4 0.0558469
0.0205613 22280.3 0.0554635
0.0206729 22257.6 0.0550707
0.0207851 22234.3 0.0546684
0.0208979 22210.3 0.0542564
0.0210113 22185.8 0.0538347
0.0211253 22160.6 0.0534033
0.02124 22134.8 0.0529621
0.0213552 22108.4 0.0525111
0.0214711 22081.4 0.0520501
0.0215877 22053.8 0.0515791
0.0217048 22025.6 0.0510979
0.0218226 21996.8 0.0506067
0.0219411 21967.3 0.0501053
0.0220601 21937.3 0.0495936
0.0221799 21906.6 0.0490716
0.0223002 21875.4 0.0485392
0.0224213 21843.5 0.0479965
0.022543 21811.1 0.0474433
0.0226653 21778.1 0.0468796
0.0227883 21744.4 0.0463053
0.022912 21710.2 0.0457205
0.0230363 21675.4 0.0451251
0.0231614 21640 0.044519
0.0232871 21604 0.0439022
0.0234135 21567.4 0.0432748
0.0235405 21530.2 0.0426366
0.0236683 21492.4 0.0419877
0.0237967 21454.1 0.041328
0.0239259 21415.2 0.0406575
0.0240558 21375.7 0.0399763
0.0241863 21335.6 0.0392843
0.0243176 21295 0.0385815
0.0244496 21253.7 0.0378679
0.0245822 21211.9 0.0371435
0.0247157 21169.5 0.0364084
0.0248498 21126.6 0.0356625
0.0249847 21083.1 0.034906
0.0251203 21039 0.0341387
0.0252566 20994.3 0.0333607
0.0253937 20949.1 0.0325722
0.0255315 20903.3 0.031773
0.0256701 20857 0.0309633
0.0258094 20810.1 0.0301431
0.0259495 20762.6 0.0293124
0.0260903 20714.6 0.0284714
0.0262319 20666 0.0276202
0.0263743 20616.9 0.0267588
0.0265174 20567.2 0.0258871
0.0266613 20517 0.0250052
0.026806 20466.2 0.0241135
0.0269515 20414.9 0.023212
0.0270978 20363.1 0.0223007
0.0272448 20310.7 0.0213797
0.0273927 20257.9 0.0204493
0.0275414 20204.6 0.0195094
0.0276908 20150.7 0.0185602
0.0278411 20096.4 0.017602
0.0279922 20041.7 0.0166347
0.0281441 19986.4 0.0156587
0.0282969 19930.7 0.0146739
0.0284505 19874.6 0.0136807
0.0286049 19818 0.0126792
0.0287601 19761 0.0116696
0.0289162 19703.5 0.0106521
0.0290731 19645.6 0.00962679
0.0292309 19587.3 0.00859402
0.0293896 19528.6 0.00755397
0.0295491 19469.5 0.00650685
0.0297095 19410 0.00545293
0.0298707 19350.1 0.00439242
0.0300328 19289.8 0.0033256
0.0301958 19229.1 0.00225273
0.0303597 19168 0.00117408
0.0305245 19106.6 8.99325e-05
0.0306901 19044.8 -0.000999413
0.0308567 18982.6 -0.00209366
0.0310242 18920.1 -0.0031925
0.0311925 18857.2 -0.00429561
0.0313618 18794 -0.00540265
0.031532 18730.4 -0.00651329
0.0317032 18666.5 -0.00762717
0.0318752 18602.2 -0.00874394
0.0320482 18537.6 -0.00986322
0.0322222 18472.7 -0.0109846
0.032397 18407.4 -0.0121078
0.0325729 18341.8 -0.0132323
0.0327496 18275.9 -0.0143578
0.0329274 18209.6 -0.0154837
0.0331061 18143 -0.0166097
0.0332858 18076.1 -0.0177353
0.0334664 18008.9 -0.0188602
0.033648 17941.4 -0.0199838
0.0338307 17873.7 -0.0211056
0.0340143 17805.6 -0.0222252
0.0341989 17737.3 -0.0233421
0.0343845 17668.8 -0.0244557
0.0345711 17600 -0.0255655
0.0347587 17531.1 -0.0266711
0.0349474 17461.9 -0.0277719
0.035137 17392.5 -0.0288674
0.0353277 17323 -0.0299569
0.0355195 17253.3 -0.0310399
0.0357122 17183.4 -0.0321159
0.0359061 17113.4 -0.0331843
0.0361009 17043.3 -0.0342444
0.0362969 16973.1 -0.0352957
0.0364939 16902.7 -0.0363375
0.0366919 16832.2 -0.0373693
0.0368911 16761.6 -0.0383903
0.0370913 16691 -0.0394
0.0372926 16620.2 -0.0403977
0.037495 16549.4 -0.0413828
0.0376985 16478.6 -0.0423545
0.0379031 16407.6 -0.0433121
0.0381088 16336.7 -0.0442551
0.0383156 16265.6 -0.0451827
0.0385236 16194.6 -0.0460942
0.0387326 16123.5 -0.0469889
0.0389428 16052.4 -0.0478661
0.0391542 15981.3 -0.048725
0.0393667 15910.2 -0.049565
0.0395804 15839.1 -0.0503852
0.0397952 15767.9 -0.051185
0.0400111 15696.8 -0.0519636
0.0402283 15625.7 -0.0527202
0.0404466 15554.6 -0.0534542
0.0406661 15483.6 -0.0541647
0.0408868 15412.5 -0.0548509
0.0411088 15341.5 -0.0555121
0.0413319 15270.6 -0.0561476
0.0415562 15199.6 -0.0567565
0.0417817 15128.8 -0.0573381
0.0420085 15057.9 -0.0578916
0.0422365 14987.2 -0.0584162
0.0424657 14916.5 -0.0589112
0.0426962 14845.8 -0.0593757
0.0429279 14775.2 -0.059809
0.0431609 14704.7 -0.0602103
0.0433951 14634.3 -0.0605789
0.0436306 14564 -0.060914
0.0438674 14493.8 -0.0612147
0.0441055 14423.6 -0.0614805
0.0443449 14353.6 -0.0617104
0.0445856 14283.7 -0.0619038
0.0448275 14213.8 -0.06206
0.0450708 14144.1 -0.0621781
0.0453154 14074.5 -0.0622575
0.0455614 14005.1 -0.0622975
0.0458087 13935.7 -0.0622974
0.0460573 13866.6 -0.0622565
0.0463072 13797.5 -0.0621741
0.0465586 13728.6 -0.0620495
0.0468112 13659.9 -0.0618821
0.0470653 13591.3 -0.0616714
0.0473207 13522.9 -0.0614168
0.0475776 13454.7 -0.0611178
0.0478358 13386.7 -0.0607738
0.0480954 13318.8 -0.0603837
0.0483564 13251.2 -0.0599473
0.0486189 13183.7 -0.0594645
0.0488827 13116.4 -0.0589347
0.049148 13049.3 -0.0583575
0.0494148 12982.4 -0.0577324
0.049683 12915.6 -0.057059
0.0499526 12849 -0.0563371
0.0502237 12782.5 -0.0555663
0.0504963 12716.3 -0.0547464
0.0507703 12650.1 -0.0538773
0.0510459 12584.1 -0.0529588
0.0513229 12518.3 -0.0519906
0.0516015 12452.6 -0.050973
0.0518815 12387.1 -0.0499057
0.0521631 12321.7 -0.0487888
0.0524462 12256.5 -0.0476225
0.0527308 12191.5 -0.0464069
0.053017 12126.6 -0.045142
0.0533048 12061.9 -0.0438284
0.0535941 11997.4 -0.0424663
0.0538849 11933 -0.0410561
0.0541774 11868.7 -0.0395982
0.0544714 11804.6 -0.0380933
0.054767 11740.7 -0.036542
0.0550643 11676.8 -0.0349448
0.0553631 11613.1 -0.0333027
0.0556636 11549.5 -0.0316164
0.0559657 11486.1 -0.029887
0.0562694 11422.7 -0.0281153
0.0565748 11359.5 -0.0263026
0.0568819 11296.5 -0.0244501
0.0571906 11233.5 -0.022559
0.057501 11170.7 -0.0206307
0.0578131 11108.1 -0.0186667
0.0581268 11045.5 -0.0166686
0.0584423 10983.1 -0.0146381
0.0587595 10920.7 -0.0125771
0.0590784 10858.5 -0.0104872
0.059399 10796.4 -0.00837061
0.0597214 10734.4 -0.00622945
0.0600455 10672.5 -0.00406602
0.0603714 10610.8 -0.00188255
0.060699 10549.1 0.000318781
0.0610285 10487.6 0.00253542
0.0613597 10426.2 0.00476449
0.0616927 10364.9 0.00700317
0.0620275 10303.7 0.00924865
0.0623642 10242.7 0.0114981
0.0627026 10181.7 0.0137485
0.0630429 10120.9 0.0159965
0.0633851 10060.2 0.0182388
0.0637291 9999.61 0.0204723
0.064075 9939.16 0.0226933
0.0644227 9878.83 0.0248985
0.0647724 9818.64 0.0270841
0.0651239 9758.58 0.0292464
0.0654773 9698.66 0.0313816
0.0658327 9638.89 0.0334858
0.06619 9579.25 0.0355552
0.0665492 9519.77 0.0375858
0.0669104 9460.44 0.0395736
0.0672736 9401.27 0.0415145
0.0676387 9342.25 0.0434044
0.0680058 9283.41 0.0452391
0.0683748 9224.73 0.0470146
0.0687459 9166.24 0.0487269
0.069119 9107.92 0.0503717
0.0694942 9049.79 0.051945
0.0698713 8991.84 0.0534428
0.0702505 8934.09 0.0548608
0.0706318 8876.54 0.0561952
0.0710151 8819.19 0.0574423
0.0714006 8762.04 0.0585983
0.0717881 8705.11 0.0596593
0.0721777 8648.4 0.0606218
0.0725694 8591.91 0.0614824
0.0729633 8535.64 0.062238
0.0733593 8479.6 0.0628854
0.0737574 8423.78 0.0634214
0.0741577 8368.2 0.0638432
0.0745602 8312.86 0.0641483
0.0749648 8257.77 0.0643344
0.0753717 8202.92 0.0643996
0.0757808 8148.31 0.0643424
0.076192 8093.95 0.0641609
0.0766055 8039.83 0.0638532
0.0770213 7985.97 0.0634182
0.0774393 7932.36 0.0628555
0.0778596 7878.99 0.0621652
0.0782822 7825.89 0.0613472
0.078707 7773.03 0.0604018
0.0791342 7720.44 0.0593291
0.0795637 7668.09 0.0581297
0.0799955 7615.99 0.0568047
0.0804296 7564.14 0.0553565
0.0808662 7512.54 0.0537873
0.081305 7461.19 0.0520995
0.0817463 7410.08 0.0502955
0.08219 7359.23 0.0483782
0.082636 7308.61 0.0463509
0.0830845 7258.22 0.0442173
0.0835354 7208.07 0.0419822
0.0839888 7158.15 0.0396503
0.0844446 7108.46 0.0372263
0.0849029 7059.01 0.0347151
0.0853637 7009.78 0.0321221
0.085827 6960.77 0.0294532
0.0862928 6911.97 0.0267145
0.0867612 6863.38 0.0239127
0.087232 6815.01 0.0210547
0.0877055 6766.85 0.0181471
0.0881815 6718.89 0.0151969
0.0886601 6671.15 0.0122116
0.0891412 6623.61 0.00919863
0.089625 6576.26 0.00616585
0.0901115 6529.11 0.00312143
0.0906005 6482.15 7.33705e-05
0.0910922 6435.4 -0.00297037
0.0915866 6388.84 -0.00600161
0.0920837 6342.48 -0.009012
0.0925834 6296.31 -0.0119932
0.0930859 6250.33 -0.0149368
0.0935911 6204.54 -0.0178344
0.0940991 6158.95 -0.0206776
0.0946098 6113.56 -0.0234583
0.0951232 6068.38 -0.0261682
0.0956395 6023.39 -0.0287993
0.0961586 5978.61 -0.0313433
0.0966804 5934.03 -0.0337927
0.0972052 5889.66 -0.0361399
0.0977327 5845.5 -0.0383774
0.0982631 5801.54 -0.0404978
0.0987964 5757.8 -0.0424939
0.0993326 5714.28 -0.0443588
0.0998717 5670.98 -0.0460862
0.100414 5627.9 -0.0476704
0.100959 5585.05 -0.0491057
0.101507 5542.42 -0.0503865
0.102058 5500.02 -0.0515071
0.102611 5457.85 -0.052462
0.103168 5415.93 -0.0532471
0.103728 5374.24 -0.0538595
0.104291 5332.8 -0.0542964
0.104857 5291.6 -0.0545547
0.105426 5250.63 -0.0546313
0.105999 5209.91 -0.0545233
0.106574 5169.43 -0.0542283
0.107152 5129.19 -0.0537468
0.107734 5089.2 -0.0530798
0.108318 5049.45 -0.052228
0.108906 5009.95 -0.0511919
0.109497 4970.68 -0.049972
0.110092 4931.66 -0.0485689
0.110689 4892.87 -0.0469859
0.11129 4854.32 -0.0452285
0.111894 4816 -0.0433017
0.112501 4777.92 -0.0412107
0.113112 4740.06 -0.0389604
0.113726 4702.44 -0.0365558
0.114343 4665.03 -0.0340037
0.114963 4627.85 -0.0313134
0.115587 4590.88 -0.0284944
0.116215 4554.13 -0.0255568
0.116845 4517.59 -0.0225106
0.11748 4481.27 -0.0193659
0.118117 4445.15 -0.0161337
0.118758 4409.24 -0.012827
0.119403 4373.54 -0.00945951
0.120051 4338.03 -0.00604518
0.120702 4302.73 -0.00259844
0.121357 4267.63 0.00086607
0.122016 4232.73 0.00433326
0.122678 4198.02 0.00778711
0.123344 4163.52 0.0112113
0.124014 4129.22 0.0145892
0.124687 4095.11 0.0179041
0.125363 4061.21 0.0211388
0.126044 4027.5 0.0242763
0.126728 3994 0.0273004
0.127416 3960.7 0.0301946
0.128107 3927.61 0.0329425
0.128802 3894.73 0.0355279
0.129501 3862.05 0.0379345
0.130204 3829.59 0.0401469
0.130911 3797.33 0.0421523
0.131621 3765.28 0.0439392
0.132336 3733.45 0.0454956
0.133054 3701.83 0.04681
0.133776 3670.43 0.0478712
0.134502 3639.25 0.048669
0.135232 3608.28 0.0491979
0.135966 3577.53 0.0494552
0.136704 3547 0.0494386
0.137446 3516.68 0.049146
0.138192 3486.58 0.0485754
0.138942 3456.7 0.0477253
0.139696 3427.03 0.0465995
0.140454 3397.57 0.0452062
0.141216 3368.32 0.0435545
0.141983 3339.29 0.0416541
0.142753 3310.45 0.039515
0.143528 3281.81 0.0371465
0.144307 3253.37 0.0345621
0.14509 3225.13 0.0317795
0.145878 3197.1 0.0288172
0.146669 3169.25 0.0256951
0.147465 3141.59 0.022433
0.148266 3114.12 0.0190503
0.14907 3086.83 0.0155682
0.149879 3059.72 0.0120104
0.150693 3032.79 0.00840097
0.151511 3006.05 0.00476406
0.152333 2979.49 0.00112432
0.15316 2953.11 -0.00249395
0.153991 2926.91 -0.00606642
0.154827 2900.89 -0.0095689
0.155667 2875.04 -0.0129776
0.156512 2849.38 -0.0162691
0.157361 2823.91 -0.0194198
0.158215 2798.61 -0.0224065
0.159074 2773.5 -0.025208
0.159937 2748.58 -0.0278064
0.160805 2723.85 -0.0301846
0.161678 2699.3 -0.0323255
0.162556 2674.94 -0.0342117
0.163438 2650.78 -0.0358256
0.164325 2626.8 -0.037153
0.165217 2603 -0.0381877
0.166113 2579.4 -0.0389248
0.167015 2555.98 -0.039359
0.167921 2532.75 -0.0394848
0.168833 2509.71 -0.0392954
0.169749 2486.85 -0.0387863
0.17067 2464.16 -0.0379646
0.171597 2441.64 -0.0368396
0.172528 2419.28 -0.0354209
0.173464 2397.09 -0.0337183
0.174406 2375.07 -0.0317412
0.175352 2353.2 -0.0295009
0.176304 2331.49 -0.0270172
0.177261 2309.93 -0.0243116
0.178223 2288.53 -0.0214081
0.17919 2267.29 -0.0183321
0.180163 2246.23 -0.0151095
0.18114 2225.34 -0.0117669
0.182123 2204.62 -0.00833491
0.183112 2184.06 -0.00484634
0.184106 2163.68 -0.0013345
0.185105 2143.46 0.0021662
0.186109 2123.41 0.00562068
0.18712 2103.53 0.00899364
0.188135 2083.81 0.0122518
0.189156 2064.25 0.0153627
0.190183 2044.84 0.0182938
0.191215 2025.59 0.0210124
0.192253 2006.48 0.0234857
0.193296 1987.51 0.0256825
0.194345 1968.68 0.0275838
0.1954 1949.99 0.029174
0.19646 1931.44 0.0304365
0.197527 1913.05 0.0313551
0.198599 1894.8 0.031915
0.199677 1876.7 0.032104
0.20076 1858.74 0.0319253
0.20185 1840.94 0.0313902
0.202945 1823.28 0.0305103
0.204047 1805.78 0.0292974
0.205154 1788.42 0.0277637
0.206268 1771.22 0.0259231
0.207387 1754.16 0.0238013
0.208513 1737.25 0.0214322
0.209644 1720.49 0.0188503
0.210782 1703.88 0.0160898
0.211926 1687.4 0.0131848
0.213076 1671.07 0.0101697
0.214233 1654.88 0.0070833
0.215395 1638.82 0.00396715
0.216564 1622.9 0.000862048
0.21774 1607.1 -0.00219305
0.218921 1591.43 -0.00516001
0.22011 1575.88 -0.00800122
0.221304 1560.47 -0.010682
0.222505 1545.17 -0.0131709
0.223713 1529.99 -0.0154372
0.224927 1514.92 -0.0174525
0.226148 1499.98 -0.0191923
0.227375 1485.16 -0.0206328
0.228609 1470.48 -0.021759
0.22985 1455.92 -0.0225648
0.231097 1441.49 -0.0230435
0.232352 1427.19 -0.0231883
0.233613 1413 -0.0229961
0.23488 1398.96 -0.0224657
0.236155 1385.04 -0.0216081
0.237437 1371.27 -0.020449
0.238726 1357.63 -0.0190097
0.240021 1344.11 -0.017311
0.241324 1330.7 -0.0153748
0.242634 1317.41 -0.0132279
0.24395 1304.24 -0.0109041
0.245274 1291.18 -0.00844823
0.246606 1278.24 -0.00590206
0.247944 1265.41 -0.003305
0.24929 1252.67 -0.000696865
0.250643 1240.03 0.00187772
0.252003 1227.49 0.00437011
0.253371 1215.06 0.00673833
0.254746 1202.75 0.00894273
0.256128 1190.54 0.0109492
0.257518 1178.44 0.0127247
0.258916 1166.45 0.0142358
0.260321 1154.56 0.0154492
0.261734 1142.78 0.0163482
0.263154 1131.13 0.01692
0.264583 1119.6 0.0171586
0.266019 1108.18 0.0170668
0.267462 1096.86 0.0166485
0.268914 1085.65 0.0159112
0.270373 1074.53 0.0148784
0.271841 1063.51 0.0135778
0.273316 1052.6 0.0120378
0.2748 1041.8 0.0102945
0.276291 1031.08 0.00838811
0.27779 1020.46 0.00636079
0.279298 1009.92 0.00426095
0.280814 999.463 0.0021329
0.282338 989.106 2.00444e-05
0.28387 978.849 -0.00203316
0.285411 968.691 -0.00397779
0.28696 958.631 -0.00576652
0.288517 948.668 -0.00736876
0.290083 938.8 -0.00876162
0.291658 929.026 -0.00992239
0.293241 919.345 -0.0108283
0.294832 909.756 -0.0114565
0.296432 900.259 -0.0117861
0.298041 890.851 -0.0118207
0.299659 881.533 -0.0115784
0.301285 872.3 -0.0110761
0.30292 863.152 -0.0103304
0.304564 854.087 -0.00935803
0.306217 845.104 -0.00817933
0.307879 836.206 -0.00682841
0.30955 827.395 -0.00534961
0.31123 818.67 -0.00378546
0.312919 810.029 -0.00217583
0.314617 801.468 -0.0005607
0.316325 792.988 0.00101816
0.318042 784.589 0.0025182
0.319768 776.276 0.00390124
0.321503 768.052 0.00513046
0.323248 759.91 0.006179
0.325002 751.842 0.00702487
0.326766 743.839 0.007646
0.32854 735.901 0.00802565
0.330323 728.035 0.00816353
0.332116 720.251 0.00806184
0.333918 712.551 0.0077272
0.33573 704.933 0.00717845
0.337552 697.391 0.00643666
0.339384 689.921 0.00552742
0.341226 682.521 0.00448637
0.343078 675.194 0.00334933
0.34494 667.942 0.00215212
0.346812 660.762 0.000933765
0.348695 653.652 -0.000263158
0.350587 646.609 -0.00139745
0.35249 639.63 -0.00243744
0.354403 632.715 -0.00335823
0.356326 625.866 -0.00413562
0.35826 619.082 -0.00474575
0.360204 612.366 -0.00516718
0.362159 605.72 -0.0053814
0.364125 599.148 -0.00539584
0.366101 592.646 -0.00523019
0.368088 586.211 -0.00489739
0.370086 579.835 -0.00441003
0.372094 573.515 -0.00378475
0.374114 567.255 -0.0030487
0.376144 561.058 -0.00223493
0.378186 554.927 -0.0013821
0.380238 548.86 -0.000521436
0.382302 542.854 0.000319103
0.384377 536.904 0.00111124
0.386463 531.012 0.00182165
0.38856 525.178 0.00241656
0.390669 519.405 0.00288194
0.392789 513.694 0.00321128
0.394921 508.043 0.00340317
0.397064 502.45 0.003457
0.399219 496.912 0.0033721
0.401386 491.429 0.00314806
0.403564 486 0.00280049
0.405755 480.622 0.00235882
0.407957 475.296 0.00184869
0.410171 470.027 0.00129175
0.412397 464.815 0.000709451
0.414635 459.662 0.000127111
0.416886 454.564 -0.000424331
0.419148 449.517 -0.000923324
0.421423 444.519 -0.00135177
0.42371 439.569 -0.00169898
0.42601 434.669 -0.00195698
0.428322 429.821 -0.00211765
0.430646 425.023 -0.0021706
0.432984 420.276 -0.00211569
0.435334 415.578 -0.00196631
0.437696 410.928 -0.00173677
0.440072 406.326 -0.00144188
0.44246 401.77 -0.00109654
0.444862 397.261 -0.000716229
0.447276 392.8 -0.00031974
0.449703 388.387 7.19473e-05
0.452144 384.024 0.000437674
0.454598 379.71 0.000762411
0.457065 375.44 0.00103638
0.459546 371.212 0.00124993
0.46204 367.025 0.00139002
0.464547 362.878 0.00144107
0.467069 358.773 0.0014078
0.469604 354.71 0.00130119
0.472152 350.692 0.00113129
0.474715 346.718 0.000907839
0.477291 342.791 0.000640973
0.479882 338.91 0.000347586
0.482486 335.07 4.95655e-05
0.485105 331.269 -0.000233305
0.487737 327.506 -0.000484599
0.490384 323.779 -0.000693018
0.493046 320.089 -0.000847848
0.495722 316.436 -0.000939157
0.498412 312.821 -0.000960895
0.501117 309.247 -0.0009101
0.503837 305.714 -0.000800809
0.506571 302.221 -0.000650307
0.509321 298.768 -0.000471235
0.512085 295.352 -0.000276125
0.514864 291.971 -7.83777e-05
0.517658 288.625 0.000107034
0.520468 285.313 0.000265046
0.523293 282.034 0.000386873
0.526133 278.789 0.000471391
0.528988 275.579 0.000517227
0.531859 272.405 0.000523347
0.534746 269.268 0.00049342
0.537648 266.166 0.000434551
0.540566 263.097 0.000353917
0.5435 260.062 0.000258215
0.546449 257.059 0.000154024
0.549415 254.088 4.85398e-05
0.552397 251.148 -5.14676e-05
0.555395 248.239 -0.000141225
0.558409 245.362 -0.000216511
0.56144 242.516 -0.000273053
0.564487 239.701 -0.000305899
0.567551 236.918 -0.000309772
0.570631 234.166 -0.000284901
0.573728 231.445 -0.00023776
0.576842 228.753 -0.000173951
0.579972 226.091 -9.89558e-05
0.58312 223.457 -1.86269e-05
0.586285 220.851 5.9641e-05
0.589467 218.274 0.000128048
0.592666 215.725 0.000178755
0.595882 213.204 0.000204433
0.599116 210.712 0.000204886
0.602368 208.247 0.000183429
0.605637 205.81 0.000144669
0.608924 203.4 9.51896e-05
0.612229 201.016 4.17483e-05
0.615552 198.658 -9.47162e-06
0.618892 196.326 -5.45346e-05
0.622251 194.02 -9.00586e-05
0.625628 191.739 -0.000112736
0.629024 189.483 -0.000121762
0.632438 187.253 -0.000119069
0.63587 185.048 -0.000106718
0.639321 182.867 -8.6891e-05
0.642791 180.71 -6.19441e-05
0.64628 178.577 -3.42487e-05
0.649787 176.468 -6.09449e-06
0.653314 174.383 2.05309e-05
0.656859 172.32 4.37097e-05
0.660424 170.281 6.14691e-05
0.664009 168.264 7.23372e-05
0.667612 166.269 7.62801e-05
0.671236 164.298 7.34225e-05
0.674879 162.348 6.46224e-05
0.678541 160.421 5.17651e-05
0.682224 158.515 3.68123e-05
0.685927 156.63 2.1481e-05
0.689649 154.767 6.632e-06
0.693392 152.924 -7.06124e-06
0.697155 151.102 -1.89198e-05
0.700939 149.301 -2.82115e-05
0.704743 147.521 -3.44151e-05
0.708568 145.76 -3.80241e-05
0.712414 144.02 -3.94224e-05
0.71628 142.3 -3.84865e-05
0.720168 140.599 -3.50572e-05
0.724076 138.917 -2.92104e-05
0.728006 137.255 -2.17973e-05
0.731957 135.611 -1.38285e-05
0.73593 133.987 -6.25252e-06
0.739924 132.381 5.47585e-07
0.743939 130.793 6.49023e-06
0.747977 129.224 1.14947e-05
0.752036 127.672 1.54129e-05
0.756118 126.138 1.80492e-05
0.760222 124.622 1.95206e-05
0.764348 123.123 2.00188e-05
0.768496 121.641 1.94739e-05
0.772667 120.176 1.77647e-05
0.77686 118.728 1.48233e-05
0.781076 117.297 1.10344e-05
0.785316 115.882 7.01102e-06
0.789578 114.483 3.35701e-06
0.793863 113.1 3.13575e-07
0.798171 111.733 -2.31287e-06
0.802503 110.381 -4.74151e-06
0.806859 109.046 -7.08404e-06
0.811238 107.725 -9.13611e-06
0.815641 106.42 -1.06356e-05
0.820067 105.129 -1.13431e-05
0.824518 103.854 -1.1206e-05
0.828993 102.593 -1.03149e-05
0.833492 101.347 -8.80045e-06
0.838016 100.115 -6.84803e-06
0.842564 98.8971 -4.70406e-06
0.847137 97.6936 -2.61825e-06
0.851734 96.5042 -7.55025e-07
0.856357 95.3286 9.57969e-07
0.861004 94.1667 2.63386e-06
0.865677 93.0184 4.35026e-06
0.870376 91.8834 5.91939e-06
0.875099 90.7618 7.03333e-06
0.879849 89.6533 7.39448e-06
0.884624 88.5578 6.99648e-06
0.889425 87.4751 6.14819e-06
0.894252 86.4052 5.17393e-06
0.899106 85.3477 4.27168e-06
0.903985 84.3026 3.30791e-06
0.908891 83.2698 2.09534e-06
0.913824 82.2492 4.95135e-07
0.918784 81.2405 -1.29162e-06
0.92377 80.2437 -2.91818e-06
0.928784 79.2585 -4.04789e-06
0.933825 78.2849 -4.60726e-06
0.938893 77.3227 -4.79352e-06
0.943988 76.3718 -4.81599e-06
0.949112 75.4321 -4.78321e-06
0.954263 74.5035 -4.55379e-06
0.959442 73.5858 -3.94824e-06
0.964649 72.679 -2.8335e-06
0.969884 71.7828 -1.38287e-06
0.975148 70.8971 1.06228e-07
0.980441 70.022 1.34511e-06
0.985762 69.1573 2.24555e-06
0.991112 68.3028 2.91516e-06
0.996491 67.4585 3.46939e-06
1.0019 66.6242 3.9422e-06
1.00734 65.7998 4.17631e-06
1.0128 64.9852 3.98706e-06
1.0183 64.1803 3.2422e-06
1.02383 63.3851 2.13457e-06
1.02938 62.5992 9.81498e-07
1.03497 61.8228 9.03302e-08
1.04059 61.0555 -4.38878e-07
1.04623 60.2974 -6.98419e-07
1.05191 59.5483 -7.87755e-07
1.05762 58.8082 -7.83032e-07
1.06336 58.0769 -7.08648e-07
1.06913 57.3543 -5.82037e-07
1.07494 56.6403 -4.22092e-07
1.08077 55.9349 -2.56087e-07
1.08664 55.238 -1.13469e-07
1.09253 54.5494 -2.19319e-08
1.09846 53.869 1.62642e-08
1.10442 53.1969 2.12811e-08
1.11042 52.5327 1.40081e-08
1.11644 51.8766 8.7529e-09
1.1225 51.2283 5.99297e-09
1.1286 50.5879 4.46018e-09
1.13472 49.9551 3.06509e-09
1.14088 49.33 1.70035e-09
1.14707 48.7124 5.94324e-10
1.1533 48.1022 -3.77548e-11
1.15956 47.4994 -2.09177e-10
1.16585 46.9039 -1.24599e-10
1.17218 46.3156 6.01008e-12
1.17854 45.7343 5.10878e-11
1.18493 45.1601 3.51139e-11
1.19137 44.5929 1.03073e-12
1.19783 44.0325 -1.51061e-11
1.20433 43.4789 -1.28929e-11
1.21087 42.932 -3.42903e-12
1.21744 42.3918 2.6894e-12
1.22405 41.858 2.83595e-12
1.23069 41.3308 7.26086e-13
1.23737 40.81 2.26485e-13
1.24409 40.2955 2.57994e-12
1.25084 39.7873 4.09273e-12
1.25763 39.2852 5.1914e-13
1.26445 38.7893 -1.00328e-11
1.27131 38.2994 -1.79703e-11
1.27821 37.8155 -1.02018e-11
1.28515 37.3375 2.40723e-11
1.29213 36.8653 6.24509e-11
1.29914 36.3988 5.74354e-11
1.30619 35.9381 -3.8224e-11
1.31328 35.483 -1.93569e-10
1.32041 35.0335 -2.37836e-10
1.32757 34.5895 -1.32088e-11
1.33478 34.1509 1.49845e-10
1.34202 33.7177 1.28153e-10
1.34931 33.2898 3.23266e-11
1.35663 32.8671 -3.27596e-11
1.36399 32.4497 -3.98661e-11
1.37139 32.0373 -1.74193e-11
1.37884 31.63 5.10147e-12
1.38632 31.2278 1.13149e-11
1.39384 30.8304 7.01172e-12
1.40141 30.438 1.44773e-13
1.40901 30.0504 -2.89591e-12
1.41666 29.6676 -2.42606e-12
1.42435 29.2895 -5.81424e-13
1.43208 28.916 6.2883e-13
1.43985 28.5472 7.28972e-13
1.44767 28.1829 2.9643e-13
1.45552 27.8231 -7.9714e-14
1.46342 27.4678 -1.11466e-13
1.47137 27.1168 -2.44249e-15
1.47935 26.7702 4.44089e-16
1.48738 26.4279 -2.45359e-13
1.49545 26.0898 -4.54525e-13
1.50357 25.756 -2.36144e-13
1.51173 25.4262 7.1898e-13
1.51993 25.1005 1.73328e-12
1.52818 24.7789 1.49192e-12
1.53648 24.4613 -1.28786e-12
1.54482 24.1476 -5.557e-12
1.5532 23.8378 -6.71097e-12
1.56163 23.5319 1.56319e-13
1.5701 23.2298 1.59384e-11
1.57863 22.9314 2.60547e-11
1.58719 22.6368 1.22098e-11
1.59581 22.3458 -3.92391e-11
1.60447 22.0585 -9.14174e-11
1.61318 21.7747 -7.64818e-11
1.62193 21.4945 7.13631e-11
1.63073 21.2178 2.92692e-10
1.63959 20.9445 3.46834e-10
1.64848 20.6746 -2.10584e-11
1.65743 20.4082 -7.96026e-10
1.66643 20.145 -9.90226e-10
1.67547 19.8852 -2.30831e-10
1.68456 19.6286 3.27592e-10
1.69371 19.3752 3.62236e-10
1.7029 19.125 1.42641e-10
1.71214 18.8779 -5.75026e-11
1.72143 18.6339 -1.0513e-10
1.73077 18.393 -6.03902e-11
1.74017 18.1551 2.53086e-12
1.74961 17.9202 2.76892e-11
1.75911 17.6883 2.16023e-11
1.76866 17.4593 4.1489e-12
1.77825 17.2331 -6.39389e-12
1.78791 17.0098 -6.91291e-12
1.79761 16.7893 -2.64677e-12
1.80736 16.5716 1.14864e-12
1.81717 16.3567 2.01283e-12
1.82704 16.1444 1.13087e-12
1.83695 15.9348 -6.53921e-14
1.84692 15.7279 -5.17808e-13
1.85695 15.5236 -3.86025e-13
1.86702 15.3218 -6.4948e-14
1.87716 15.1226 8.43769e-14
1.88734 14.926 4.66294e-14
1.89759 14.7318 -1.73195e-14
1.90789 14.54 5.4623e-14
1.91824 14.3507 2.39808e-13
1.92865 14.1638 2.90878e-13
1.93912 13.9793 -5.37348e-14
1.94964 13.7971 -8.07354e-13
1.96022 13.6172 -1.23468e-12
1.97086 13.4396 -4.54525e-13
1.98156 13.2643 2.10276e-12
1.99231 13.0912 4.45621e-12
2.00313 12.9202 3.35754e-12
2.014 12.7515 -4.23583e-12
2.02493 12.5849 -1.45979e-11
2.03592 12.4204 -1.60372e-11
2.04697 12.258 3.57891e-12
2.05808 12.0977 4.33025e-11
2.06925 11.9394 6.45415e-11
2.08048 11.7831 2.19638e-11
2.09177 11.6289 -1.01789e-10
2.10312 11.4766 -1.32393e-10
2.11454 11.3262 -4.9033e-11
2.12601 11.1778 2.66978e-11
2.13755 11.0312 4.1867e-11
2.14915 10.8865 2.21982e-11
2.16082 10.7437 -2.45459e-12
2.17254 10.6027 -1.13058e-11
2.18433 10.4635 -8.20599e-12
2.19619 10.3261 -1.15907e-12
2.20811 10.1904 2.71028e-12
2.22009 10.0565 2.68874e-12
2.23214 9.92432 9.10827e-13
2.24426 9.79381 -5.28577e-13
2.25644 9.66498 -7.98805e-13
2.26868 9.5378 -4.12892e-13
2.28099 9.41225 5.28466e-14
2.29337 9.28831 2.06946e-13
2.30582 9.16597 1.39222e-13
2.31834 9.04519 1.53211e-14
2.33092 8.92597 -2.23155e-14
2.34357 8.80828 8.21565e-15
2.35629 8.69211 2.44249e-14
2.36908 8.57743 -5.34017e-14
2.38193 8.46423 -1.81966e-13
2.39486 8.35249 -1.96509e-13
2.40786 8.24218 7.26086e-14
2.42093 8.1333 5.93081e-13
2.43407 8.02582 8.40661e-13
2.44728 7.91973 2.15605e-13
2.46056 7.81501 -1.59572e-12
2.47391 7.71164 -3.09597e-12
2.48734 7.6096 -2.06601e-12
2.50084 7.50888 3.47522e-12
2.51441 7.40947 1.03664e-11
2.52806 7.31134 1.05183e-11
2.54178 7.21448 -4.31255e-12
2.55557 7.11887 -3.15475e-11
2.56944 7.0245 -4.37369e-11
2.58339 6.93136 -9.95026e-12
2.59741 6.83942 8.50813e-11
2.6115 6.74867 1.61619e-10
2.62568 6.6591 1.04295e-10
2.63993 6.57069 -1.53234e-10
2.65426 6.48342 -2.22271e-10
2.66866 6.39729 -1.09219e-10
2.68314 6.31228 2.0576e-11
2.69771 6.22837 6.21685e-11
2.71235 6.14556 4.19742e-11
2.72707 6.06382 3.6704e-12
2.74187 5.98314 -1.54066e-11
2.75675 5.90351 -1.41178e-11
2.77171 5.82492 -4.15334e-12
2.78675 5.74735 3.20965e-12
2.80188 5.67079 4.30411e-12
2.81709 5.59523 2.04903e-12
2.83237 5.52065 -4.28435e-13
2.84775 5.44705 -1.19749e-12
2.8632 5.37441 -7.94587e-13
2.87874 5.30271 -5.86198e-14
2.89437 5.23195 2.98428e-13
2.91007 5.16211 2.67786e-13
2.92587 5.09319 7.54952e-14
2.94175 5.02516 -6.36158e-14
2.95771 4.95803 -8.32667e-14
2.97376 4.89177 -3.90799e-14
2.9899 4.82638 8.65974e-15
3.00613 4.76184 2.5091e-14
3.02245 4.69815 1.75415e-14
3.03885 4.63529 6.66134e-16
3.05534 4.57326 -1.18794e-14
3.07192 4.51204 -1.59872e-14
3.0886 4.45162 -6.55032e-15
3.10536 4.39199 1.5099e-14
3.12221 4.33315 3.73035e-14
3.13916 4.27507 3.33067e-14
3.1562 4.21776 -2.13163e-14
3.17332 4.1612 -1.12022e-13
3.19055 4.10539 -1.43663e-13
3.20786 4.05031 -1.44329e-14
3.22527 3.99595 3.0953e-13
3.24278 3.9423 5.43565e-13
3.26038 3.88936 3.01759e-13
3.27807 3.83712 -7.28084e-13
3.29586 3.78557 -1.85341e-12
3.31375 3.73469 -1.64024e-12
3.33174 3.68449 6.40599e-13
3.34982 3.63494 1.47127e-12
3.368 3.58605 9.22817e-13
3.38628 3.5378 2.73115e-14
3.40466 3.49019 -3.75588e-13
3.42313 3.44321 -3.18745e-13
3.44171 3.39684 -7.92699e-14
3.46039 3.35109 8.17124e-14
3.47917 3.30594 9.74776e-14
3.49805 3.26139 4.10783e-14
3.51704 3.21743 -1.19904e-14
3.53613 3.17405 -2.19824e-14
3.55532 3.13124 -9.65894e-15
3.57461 3.089 2.22045e-16
3.59401 3.04731 -1.05471e-14
3.61352 3.00618 -2.42029e-14
3.63313 2.9656 -1.38778e-14
3.65285 2.92555 4.10783e-14
3.67267 2.88603 1.02585e-13
3.69261 2.84703 9.01501e-14
3.71265 2.80855 -7.4607e-14
3.7328 2.77058 -3.31513e-13
3.75306 2.73312 -4.04898e-13
3.77342 2.69615 0
3.7939 2.65967 9.46132e-13
3.81449 2.62368 1.56541e-12
3.8352 2.58816 7.57616e-13
3.85601 2.55312 -2.31248e-12
3.87694 2.51854 -5.47373e-12
3.89798 2.48442 -4.6505e-12
3.91914 2.45076 4.12714e-12
3.94041 2.41754 1.74629e-11
3.96179 2.38477 2.09361e-11
3.98329 2.35243 -7.75713e-13
4.00491 2.32052 -5.01756e-11
4.02665 2.28904 -8.14551e-11
4.0485 2.25797 -3.74301e-11
4.07047 2.22732 1.24067e-10
4.09256 2.19708 2.86378e-10
4.11478 2.16724 2.37389e-10
4.13711 2.1378 -2.27237e-10
4.15956 2.10875 -8.77093e-10
4.18214 2.08009 -8.64893e-10
4.20483 2.05181 3.21034e-11
4.22765 2.02391 4.56841e-10
4.2506 1.99639 3.60511e-10
4.27367 1.96923 7.20271e-11
4.29686 1.94243 -1.04866e-10
4.32018 1.91599 -1.14986e-10
4.34363 1.88991 -4.48176e-11
4.3672 1.86417 1.85798e-11
4.39091 1.83878 3.34448e-11
4.41474 1.81373 1.90765e-11
4.4387 1.78901 -9.1549e-13
4.46279 1.76463 -8.84415e-12
4.48701 1.74057 -6.86662e-12
4.51136 1.71683 -1.29252e-12
4.53584 1.69341 2.08744e-12
4.56046 1.67031 2.28439e-12
4.58521 1.64751 9.01945e-13
4.6101 1.62502 -4.50417e-13
4.63512 1.60283 -9.32476e-13
4.66027 1.58094 -6.88671e-13
4.68557 1.55935 7.39409e-14
4.711 1.53804 1.02385e-12
4.73656 1.51702 1.43996e-12
4.76227 1.49629 5.25135e-13
4.78812 1.47583 -2.22089e-12
4.8141 1.45564 -4.72689e-12
4.84023 1.43573 -3.60545e-12
4.8665 1.41609 4.33364e-12
4.89291 1.39671 1.5298e-11
4.91947 1.37759 1.70035e-11
4.94617 1.35872 -3.33378e-12
4.97301 1.34012 -4.51555e-11
5 1.32176 -6.80768e-11
