1.000000000000000048e-04 5.209300068419713625e+02
1.020200000000000024e-04 5.280882382691651173e+02
1.040800000000000064e-04 5.354156788915205425e+02
1.061800000000000032e-04 5.429128732346475772e+02
1.083300000000000013e-04 5.506162189497491681e+02
1.105200000000000057e-04 5.584905392383786875e+02
1.127500000000000030e-04 5.665362548489350729e+02
1.150300000000000015e-04 5.747900097368551542e+02
1.173500000000000064e-04 5.832161261537263499e+02
1.197199999999999989e-04 5.918514017643040006e+02
1.221399999999999927e-04 6.006964448878002258e+02
1.246099999999999877e-04 6.097518157702546659e+02
1.271199999999999891e-04 6.189812033708626586e+02
1.296899999999999865e-04 6.284586172120250467e+02
1.323100000000000122e-04 6.381477630534261607e+02
1.349900000000000069e-04 6.480861521966896817e+02
1.377100000000000080e-04 6.581999507533703309e+02
1.404900000000000051e-04 6.685638124520853580e+02
1.433299999999999982e-04 6.791782703125304579e+02
1.462299999999999874e-04 6.900438037722580020e+02
1.491800000000000049e-04 7.011232382270052312e+02
1.522000000000000132e-04 7.124920658773161222e+02
1.552699999999999957e-04 7.240753276608018041e+02
1.584099999999999961e-04 7.359487634702387595e+02
1.616099999999999926e-04 7.480749153019073674e+02
1.648700000000000122e-04 7.604539673783222042e+02
1.681999999999999956e-04 7.731241452550515305e+02
1.715999999999999969e-04 7.860857636091595850e+02
1.750699999999999891e-04 7.993390819012993234e+02
1.786000000000000044e-04 8.128460087989692511e+02
1.822100000000000054e-04 8.266832260044479881e+02
1.858899999999999973e-04 8.408126076354808447e+02
1.896500000000000020e-04 8.552726957788061100e+02
1.934799999999999975e-04 8.700251274304000617e+02
1.973900000000000058e-04 8.851084613403265848e+02
2.013799999999999998e-04 9.005227723944040008e+02
2.054400000000000117e-04 9.162293676778347162e+02
2.095900000000000042e-04 9.323055869391629358e+02
2.138300000000000042e-04 9.487514960112787321e+02
2.181499999999999900e-04 9.655282399229288330e+02
2.225499999999999885e-04 9.826356276933299796e+02
2.270499999999999895e-04 1.000151311110907727e+03
2.316399999999999980e-04 1.018036264437466571e+03
2.363199999999999871e-04 1.036290264714262548e+03
2.410900000000000109e-04 1.054913035734469304e+03
2.459599999999999829e-04 1.073943343440632134e+03
2.509300000000000115e-04 1.093380907412312126e+03
2.559999999999999884e-04 1.113225387867292284e+03
2.611700000000000219e-04 1.133476387711689540e+03
2.664499999999999985e-04 1.154172665034722968e+03
2.718299999999999775e-04 1.175274552584967523e+03
2.773200000000000079e-04 1.196820745167441601e+03
2.829199999999999814e-04 1.218810692903236259e+03
2.886400000000000012e-04 1.241283084082978121e+03
2.944700000000000182e-04 1.264197991301051616e+03
3.004199999999999731e-04 1.287594018752823331e+03
3.064899999999999743e-04 1.311470429756393742e+03
3.126800000000000217e-04 1.335826426865043913e+03
3.189900000000000070e-04 1.360661154101386501e+03
3.254399999999999741e-04 1.386052439214000970e+03
3.320099999999999874e-04 1.411920599428033711e+03
3.387199999999999825e-04 1.438343365973903929e+03
3.455600000000000186e-04 1.465280292056041162e+03
3.525399999999999823e-04 1.492769626124732213e+03
3.596599999999999819e-04 1.520810174511236937e+03
3.669300000000000122e-04 1.549440059053594268e+03
3.743400000000000243e-04 1.578618572439512945e+03
3.819000000000000129e-04 1.608383700010357416e+03
3.896200000000000271e-04 1.638773338682707163e+03
3.974900000000000178e-04 1.669746580048198894e+03
4.055199999999999799e-04 1.701341168144065477e+03
4.137100000000000217e-04 1.733555408348992160e+03
4.220699999999999756e-04 1.766426850907916332e+03
4.306000000000000040e-04 1.799953619673209005e+03
4.392900000000000038e-04 1.834094487177982046e+03
4.481700000000000137e-04 1.868965269585018632e+03
4.572199999999999897e-04 1.904485281847470560e+03
4.664599999999999758e-04 1.940730796463814386e+03
4.758799999999999771e-04 1.977660255055096741e+03
4.854999999999999832e-04 2.015349617701754823e+03
4.952999999999999504e-04 2.053718005599395838e+03
5.053100000000000256e-04 2.092880229759467056e+03
5.155199999999999973e-04 2.132794357782260704e+03
5.259299999999999739e-04 2.173457541626967213e+03
5.365600000000000534e-04 2.214944877830651421e+03
5.473900000000000293e-04 2.257175198727891257e+03
5.584500000000000488e-04 2.300262234970776262e+03
5.697299999999999543e-04 2.344163580417914091e+03
5.812400000000000119e-04 2.388914611875080027e+03
5.929900000000000535e-04 2.434550452303910788e+03
6.049599999999999813e-04 2.480989633566733119e+03
6.171899999999999912e-04 2.528383323687935899e+03
6.296500000000000447e-04 2.576611085009691124e+03
6.423699999999999636e-04 2.625784749824445498e+03
6.553499999999999647e-04 2.675899713083284496e+03
6.685900000000000480e-04 2.726951257973563770e+03
6.821000000000000457e-04 2.778973037518739147e+03
6.958799999999999578e-04 2.831959953102615145e+03
7.099300000000000012e-04 2.885906790855069630e+03
7.242699999999999486e-04 2.940884843332024957e+03
7.389099999999999575e-04 2.996926563033041930e+03
7.538300000000000382e-04 3.053949462253307502e+03
7.690600000000000127e-04 3.112062047384877587e+03
7.845999999999999893e-04 3.171257750198563826e+03
8.004499999999999680e-04 3.231529859135287552e+03
8.166199999999999978e-04 3.292909445983263140e+03
8.331099999999999704e-04 3.355389307878398085e+03
8.499399999999999837e-04 3.419037658977517822e+03
8.671100000000000379e-04 3.483846560234018852e+03
8.846299999999999650e-04 3.549845540494422039e+03
9.024999999999999819e-04 3.617026100504073838e+03
9.207300000000000293e-04 3.685417045266280638e+03
9.393300000000000477e-04 3.755046685386608715e+03
9.583099999999999778e-04 3.825942820505909367e+03
9.776699999999999280e-04 3.898095496110519889e+03
9.974199999999999473e-04 3.971531700375456239e+03
1.017600000000000015e-03 4.046389022109804500e+03
1.038099999999999917e-03 4.122249000907867412e+03
1.059100000000000102e-03 4.199766143254555573e+03
1.080500000000000080e-03 4.278558402844343618e+03
1.102300000000000068e-03 4.358614029731866140e+03
1.124599999999999905e-03 4.440286819176262725e+03
1.147299999999999969e-03 4.523196840020093077e+03
1.170500000000000099e-03 4.607695377303145506e+03
1.194100000000000023e-03 4.693404008627673647e+03
1.218200000000000012e-03 4.780671435995657703e+03
1.242899999999999908e-03 4.869841772677078552e+03
1.268000000000000030e-03 4.960176305209360180e+03
1.293600000000000002e-03 5.052019624043259682e+03
1.319700000000000040e-03 5.145354449439104428e+03
1.346399999999999984e-03 5.240519025323086680e+03
1.373599999999999995e-03 5.337137213502443956e+03
1.401300000000000072e-03 5.435190774842993051e+03
1.429600000000000055e-03 5.535013280340089295e+03
1.458499999999999944e-03 5.636582051352825147e+03
1.487999999999999956e-03 5.739873987315545492e+03
1.518000000000000035e-03 5.844517433922342207e+03
1.548700000000000077e-03 5.951186116370712625e+03
1.580000000000000024e-03 6.059506225602300219e+03
1.611900000000000095e-03 6.169453043966153928e+03
1.644499999999999912e-03 6.281343968683610001e+03
1.677700000000000068e-03 6.394808070584315828e+03
1.711599999999999970e-03 6.510158944745891858e+03
1.746200000000000052e-03 6.627365719318204356e+03
1.781400000000000041e-03 6.746060594652872169e+03
1.817400000000000048e-03 6.866886126832479022e+03
1.854100000000000019e-03 6.989471974045023671e+03
1.891600000000000009e-03 7.114116870593055864e+03
1.929799999999999962e-03 7.240452614996289412e+03
1.968800000000000151e-03 7.368773572991147375e+03
2.008600000000000142e-03 7.499040298961109329e+03
2.049099999999999880e-03 7.630888098894358336e+03
2.090499999999999910e-03 7.764927510649684336e+03
2.132799999999999800e-03 7.901111994261375912e+03
2.175799999999999870e-03 8.038755957522550489e+03
2.219800000000000072e-03 8.178774658412082317e+03
2.264599999999999860e-03 8.320483201133520197e+03
2.310400000000000214e-03 8.464465094957240581e+03
2.357099999999999994e-03 8.610353296851299092e+03
2.404700000000000067e-03 8.758097457422549269e+03
2.453299999999999838e-03 8.907953991265763761e+03
2.502799999999999903e-03 9.059559973379178700e+03
2.553399999999999941e-03 9.213469607453787830e+03
2.605000000000000111e-03 9.369316542572450999e+03
2.657599999999999980e-03 9.527041136489189739e+03
2.711299999999999821e-03 9.686879714392633105e+03
2.765999999999999796e-03 9.848470477089074848e+03
2.821900000000000016e-03 1.001233608371752598e+04
2.878900000000000209e-03 1.017811114860363341e+04
2.937100000000000214e-03 1.034601355048202277e+04
2.996400000000000192e-03 1.051568121484017320e+04
3.056899999999999982e-03 1.068732607270544395e+04
3.118699999999999858e-03 1.086114978967309253e+04
3.181699999999999980e-03 1.103678839019154657e+04
3.246000000000000187e-03 1.121443732995163373e+04
3.311500000000000207e-03 1.139373645498068436e+04
3.378400000000000153e-03 1.157514498993813140e+04
3.446700000000000024e-03 1.175856628129662204e+04
3.516299999999999981e-03 1.194363835226594347e+04
3.587400000000000137e-03 1.213079498463713753e+04
3.659799999999999946e-03 1.231941110936628320e+04
3.733799999999999793e-03 1.251016500265217292e+04
3.809199999999999999e-03 1.270243315326601987e+04
3.886099999999999971e-03 1.289636623357394819e+04
3.964600000000000415e-03 1.309210320291955213e+04
4.044700000000000031e-03 1.328952604270915435e+04
4.126399999999999686e-03 1.348851624933440326e+04
4.209799999999999653e-03 1.368919407856382895e+04
4.294799999999999660e-03 1.389119523529909384e+04
4.381600000000000251e-03 1.409486654553655899e+04
4.470100000000000288e-03 1.429984009891400456e+04
4.560400000000000044e-03 1.450621398933998717e+04
4.652500000000000385e-03 1.471384994121531054e+04
4.746499999999999851e-03 1.492283033902669740e+04
4.842400000000000176e-03 1.513300733546496849e+04
4.940199999999999626e-03 1.534423306865285485e+04
5.040000000000000209e-03 1.555657094614384368e+04
5.141899999999999596e-03 1.577007160173058401e+04
5.245699999999999842e-03 1.598415892441925826e+04
5.351700000000000033e-03 1.619928999497395853e+04
5.459799999999999896e-03 1.641509066431274186e+04
5.570099999999999704e-03 1.663158978106356153e+04
5.682600000000000325e-03 1.684861207672803721e+04
5.797400000000000296e-03 1.706617074087668152e+04
5.914499999999999619e-03 1.728408165530438419e+04
6.034000000000000301e-03 1.750234243964988855e+04
6.155899999999999740e-03 1.772076033271719643e+04
6.280299999999999945e-03 1.793931751755005098e+04
6.407200000000000048e-03 1.815781283339398942e+04
6.536600000000000049e-03 1.837604631445118503e+04
6.668600000000000222e-03 1.859398267273241800e+04
6.803299999999999972e-03 1.881157382269272784e+04
6.940799999999999574e-03 1.902875885361918336e+04
7.080999999999999621e-03 1.924515890851649601e+04
7.224000000000000386e-03 1.946070913217683119e+04
7.369999999999999815e-03 1.967547728305462806e+04
7.518900000000000236e-03 1.988907892304968118e+04
7.670800000000000188e-03 2.010142211831787790e+04
7.825699999999999670e-03 2.031226804752480166e+04
7.983799999999999231e-03 2.052164123349017245e+04
8.145100000000000603e-03 2.072928507719485424e+04
8.309600000000000319e-03 2.093494524117107721e+04
8.477500000000000660e-03 2.113860864601853973e+04
8.648799999999999891e-03 2.134000338534167167e+04
8.823499999999999746e-03 2.153886000976528885e+04
9.001699999999999632e-03 2.173501982659582427e+04
9.183600000000000096e-03 2.192841617724035314e+04
9.369099999999999998e-03 2.211865289165335344e+04
9.558300000000000476e-03 2.230554537074592372e+04
9.751400000000000345e-03 2.248898979041241546e+04
9.948399999999999604e-03 2.266867620241440454e+04
1.014900000000000004e-02 2.284404094852016715e+04
1.035400000000000036e-02 2.301546796211187029e+04
1.056400000000000047e-02 2.318306664920764524e+04
1.077700000000000012e-02 2.334493153283392894e+04
1.099499999999999957e-02 2.350227688050939832e+04
1.121699999999999954e-02 2.365402184546712306e+04
1.144300000000000005e-02 2.379986903890375106e+04
1.167499999999999961e-02 2.394070178370501162e+04
1.191000000000000045e-02 2.407435384037004405e+04
1.215100000000000034e-02 2.420219234079404123e+04
1.239700000000000003e-02 2.432323889564005367e+04
1.264700000000000026e-02 2.443667566706358411e+04
1.290200000000000027e-02 2.454263878550305526e+04
1.316299999999999935e-02 2.464112070343449523e+04
1.342899999999999996e-02 2.473133159460795650e+04
1.370000000000000037e-02 2.481292855020076604e+04
1.397699999999999984e-02 2.488582683598085714e+04
1.425900000000000084e-02 2.494939350230075797e+04
1.454699999999999917e-02 2.500350300433915982e+04
1.484100000000000003e-02 2.504776940105793983e+04
1.514099999999999994e-02 2.508183149038054034e+04
1.544700000000000066e-02 2.510535602393344016e+04
1.575899999999999870e-02 2.511804108608322713e+04
1.607700000000000101e-02 2.511961958715776564e+04
1.640199999999999991e-02 2.510981538288025695e+04
1.673399999999999888e-02 2.508833939042830025e+04
1.707200000000000037e-02 2.505506771659042715e+04
1.741600000000000092e-02 2.500991314992145271e+04
1.776799999999999907e-02 2.495248330709333823e+04
1.812700000000000075e-02 2.488282523946195943e+04
1.849299999999999902e-02 2.480093533889985338e+04
1.886699999999999836e-02 2.470661047050085472e+04
1.924800000000000122e-02 2.460019431478273327e+04
1.963700000000000168e-02 2.448157267775387663e+04
2.003399999999999972e-02 2.435094626019867428e+04
2.043800000000000130e-02 2.420895343217249319e+04
2.085100000000000148e-02 2.405523918472851801e+04
2.127199999999999924e-02 2.389056240320619690e+04
2.170199999999999907e-02 2.371498919210982058e+04
2.214100000000000096e-02 2.352901626114541068e+04
2.258800000000000044e-02 2.333364464608364506e+04
2.304399999999999851e-02 2.312906303397608281e+04
2.350999999999999965e-02 2.291545706678920760e+04
2.398499999999999938e-02 2.269395690984882094e+04
2.446900000000000117e-02 2.246527242432055937e+04
2.496400000000000008e-02 2.222916857462533881e+04
2.546800000000000105e-02 2.198731892926470755e+04
2.598200000000000162e-02 2.173996833281371073e+04
2.650699999999999931e-02 2.148734774290607311e+04
2.704300000000000107e-02 2.123015769209193240e+04
2.758899999999999894e-02 2.096955639404246176e+04
2.814600000000000088e-02 2.070571686246585887e+04
2.871500000000000094e-02 2.043879473264080298e+04
2.929500000000000159e-02 2.016985375909107097e+04
2.988700000000000037e-02 1.989898711945019386e+04
3.048999999999999974e-02 1.962716764991027594e+04
3.110600000000000170e-02 1.935397775598300723e+04
3.173499999999999932e-02 1.907988218827704259e+04
3.237600000000000200e-02 1.880572932968328678e+04
3.302999999999999686e-02 1.853146375113393879e+04
3.369699999999999779e-02 1.825743125616236648e+04
3.437799999999999884e-02 1.798354299302310392e+04
3.507199999999999901e-02 1.771048866055750113e+04
3.578100000000000031e-02 1.743774987342268651e+04
3.650400000000000172e-02 1.716596313253471453e+04
3.724100000000000327e-02 1.689533953692850628e+04
3.799299999999999899e-02 1.662571121900701110e+04
3.876099999999999685e-02 1.635692231975854520e+04
3.954400000000000276e-02 1.608950514307045160e+04
4.034299999999999692e-02 1.582328216559896282e+04
4.115800000000000014e-02 1.555841369382716948e+04
4.198899999999999855e-02 1.529504556141211106e+04
4.283800000000000108e-02 1.503270071698758693e+04
4.370299999999999879e-02 1.477214229438199800e+04
4.458600000000000063e-02 1.451290222226710830e+04
4.548599999999999866e-02 1.425541063246445265e+04
4.640500000000000180e-02 1.399923409473082211e+04
4.734300000000000314e-02 1.374452501340545132e+04
4.829900000000000165e-02 1.349168862249473386e+04
4.927499999999999936e-02 1.324033279958446474e+04
5.027000000000000218e-02 1.299085531014219850e+04
5.128599999999999826e-02 1.274289784115292423e+04
5.232200000000000045e-02 1.249685061270551523e+04
5.337900000000000283e-02 1.225261511485346819e+04
5.445699999999999846e-02 1.201033298409363306e+04
5.555700000000000222e-02 1.176992326962713196e+04
5.668000000000000121e-02 1.153132214914184078e+04
5.782500000000000140e-02 1.129488898966894340e+04
5.899299999999999683e-02 1.106055623020354687e+04
6.018400000000000138e-02 1.082846364226153128e+04
6.140000000000000319e-02 1.059836996791676938e+04
6.264100000000000223e-02 1.037043165921637046e+04
6.390600000000000447e-02 1.014497134982356511e+04
6.519700000000000495e-02 9.921770392190574057e+03
6.651400000000000368e-02 9.700973097258149210e+03
6.785800000000000165e-02 9.482553924117950373e+03
6.922899999999999887e-02 9.266652480512666443e+03
7.062699999999999534e-02 9.053398058447990479e+03
7.205400000000000693e-02 8.842619080426076835e+03
7.351000000000000589e-02 8.634452664728283708e+03
7.499400000000000510e-02 8.429160864452509486e+03
7.650899999999999368e-02 8.226450549972625595e+03
7.805499999999999938e-02 8.026452650388151596e+03
7.963199999999999446e-02 7.829286393184838744e+03
8.124099999999999377e-02 7.634940851352637765e+03
8.288199999999999734e-02 7.443524913535710766e+03
8.455600000000000616e-02 7.255025396731834007e+03
8.626399999999999346e-02 7.069433580638878993e+03
8.800700000000000189e-02 6.886744587494983534e+03
8.978500000000000369e-02 6.707056018157632934e+03
9.159799999999999887e-02 6.530453741340748820e+03
9.344900000000000428e-02 6.356735991351205485e+03
9.533700000000000507e-02 6.186085901216291859e+03
9.726300000000000223e-02 6.018490472057434999e+03
9.922699999999999576e-02 5.854020712813120554e+03
1.012300000000000005e-01 5.692657524336030292e+03
1.032799999999999968e-01 5.533851701302536640e+03
1.053599999999999953e-01 5.378963029671271215e+03
1.074900000000000022e-01 5.226547070131505279e+03
1.096599999999999936e-01 5.077397604833568039e+03
1.118799999999999933e-01 4.930892786784073905e+03
1.141400000000000053e-01 4.787747212530463912e+03
1.164400000000000018e-01 4.647965849287094898e+03
1.188000000000000028e-01 4.510404360882671426e+03
1.212000000000000022e-01 4.376288947104281760e+03
1.236499999999999960e-01 4.245073991681509142e+03
1.261400000000000021e-01 4.117300503706430391e+03
1.286899999999999988e-01 3.991971434785761176e+03
1.312899999999999900e-01 3.869630285764394102e+03
1.339400000000000035e-01 3.750287454149128280e+03
1.366499999999999937e-01 3.633523761804658079e+03
1.394100000000000061e-01 3.519792111356989153e+03
1.422299999999999953e-01 3.408692955889663153e+03
1.451000000000000068e-01 3.300624977147309892e+03
1.480299999999999949e-01 3.195208166405382144e+03
1.510199999999999876e-01 3.092456453101760872e+03
1.540700000000000125e-01 2.992375466305204554e+03
1.571799999999999864e-01 2.894963193832933484e+03
1.603600000000000025e-01 2.799918684847502846e+03
1.635999999999999954e-01 2.707545436120943123e+03
1.668999999999999928e-01 2.617820594493401131e+03
1.702799999999999869e-01 2.530210008539155297e+03
1.737100000000000033e-01 2.445475904501323384e+03
1.772199999999999886e-01 2.362855063717824123e+03
1.807999999999999885e-01 2.282590030915441730e+03
1.844600000000000128e-01 2.204456136310800048e+03
1.881799999999999862e-01 2.128858347270311697e+03
1.919800000000000118e-01 2.055362862597241019e+03
1.958600000000000063e-01 1.983966654633477901e+03
1.998199999999999976e-01 1.914660565427541769e+03
2.038600000000000134e-01 1.847429898105249322e+03
2.079699999999999882e-01 1.782409210333651117e+03
2.121800000000000075e-01 1.719111715279240798e+03
2.164600000000000135e-01 1.657972067058270568e+03
2.208299999999999985e-01 1.598672317643128054e+03
2.253000000000000003e-01 1.541072424392450557e+03
2.298499999999999988e-01 1.485410944455652043e+03
2.344900000000000040e-01 1.431532783846677603e+03
2.392299999999999982e-01 1.379304282628250803e+03
2.440599999999999992e-01 1.328814431566956955e+03
2.489899999999999891e-01 1.279933903300117890e+03
2.540200000000000236e-01 1.232642736737936048e+03
2.591499999999999915e-01 1.186917678191379537e+03
2.643900000000000139e-01 1.142650365898109612e+03
2.697300000000000253e-01 1.099903070134695099e+03
2.751799999999999802e-01 1.058570630002206826e+03
2.807399999999999896e-01 1.018631668676265349e+03
2.864099999999999979e-01 9.800622144234847610e+02
2.921900000000000053e-01 9.428360675346970083e+02
2.980999999999999761e-01 9.068065206519742105e+02
3.041200000000000014e-01 8.720752542378129419e+02
3.102599999999999802e-01 8.385572348631043269e+02
3.165299999999999780e-01 8.061779361382072011e+02
3.229199999999999848e-01 7.749671046529243768e+02
3.294500000000000206e-01 7.448072293658515264e+02
3.361000000000000099e-01 7.157691867495635734e+02
3.428899999999999726e-01 6.877423716746042146e+02
3.498200000000000198e-01 6.607090975776563937e+02
3.568899999999999850e-01 6.346499093090798169e+02
3.640900000000000247e-01 6.095777030521664983e+02
3.714500000000000024e-01 5.853687659393280001e+02
3.789500000000000091e-01 5.620712543277352324e+02
3.866100000000000092e-01 5.396038973617700094e+02
3.944199999999999928e-01 5.179783111998085587e+02
4.023900000000000254e-01 4.971478523911788443e+02
4.105199999999999960e-01 4.770948532226545922e+02
4.188100000000000156e-01 4.578006515929337183e+02
4.272699999999999831e-01 4.392244595745628430e+02
4.359000000000000097e-01 4.213498224818047220e+02
4.447099999999999942e-01 4.041404542774775450e+02
4.536899999999999822e-01 3.875994840381393374e+02
4.628599999999999937e-01 3.716744760586270786e+02
4.722100000000000186e-01 3.563680405058313454e+02
4.817400000000000015e-01 3.416632614539578299e+02
4.914799999999999724e-01 3.275004614855168370e+02
5.014100000000000223e-01 3.138959557485433720e+02
5.115300000000000402e-01 3.008338388774869827e+02
5.218699999999999450e-01 2.882624981885973057e+02
5.324100000000000499e-01 2.761939226571906829e+02
5.431700000000000417e-01 2.645922613621141863e+02
5.541399999999999659e-01 2.534558966788624730e+02
5.653299999999999992e-01 2.427618202805494718e+02
5.767499999999999849e-01 2.324889847111060703e+02
5.884000000000000341e-01 2.226262960268949200e+02
6.002899999999999903e-01 2.131545381257284362e+02
6.124199999999999644e-01 2.040633000763285168e+02
6.247899999999999565e-01 1.953418098874403199e+02
6.374100000000000321e-01 1.869725981058707021e+02
6.502900000000000347e-01 1.789395459812641604e+02
6.634200000000000097e-01 1.712391122662868668e+02
6.768300000000000427e-01 1.638447220069002412e+02
6.905000000000000027e-01 1.567586869275323522e+02
7.044500000000000206e-01 1.499616454855272139e+02
7.186799999999999855e-01 1.434453219059840876e+02
7.331999999999999629e-01 1.371970577697341582e+02
7.480099999999999527e-01 1.312089779316166585e+02
7.631200000000000205e-01 1.254693520886741283e+02
7.785400000000000098e-01 1.199672307619588167e+02
7.942599999999999660e-01 1.146988624522208227e+02
8.103099999999999747e-01 1.096473465864897321e+02
8.266799999999999704e-01 1.048094378158625375e+02
8.433800000000000185e-01 1.001756231979299372e+02
8.604100000000000081e-01 9.573950006939713830e+01
8.778000000000000247e-01 9.148747144390898711e+01
8.955300000000000482e-01 8.741875856971520875e+01
9.136199999999999877e-01 8.352297884158579677e+01
9.320800000000000196e-01 7.979271970200471742e+01
9.509100000000000330e-01 7.622281173993255265e+01
9.701100000000000279e-01 7.280800226364962668e+01
9.897099999999999786e-01 6.953814574991477571e+01
1.009700000000000042e+00 6.641034876951373178e+01
1.030100000000000016e+00 6.341698337926604268e+01
1.050899999999999945e+00 6.055510209170917335e+01
1.072100000000000053e+00 5.782011357169040622e+01
1.093800000000000106e+00 5.519571606942412245e+01
1.115899999999999892e+00 5.269051513546721566e+01
1.138400000000000079e+00 5.029984725285419955e+01
1.161399999999999988e+00 4.800948067175330181e+01
1.184900000000000064e+00 4.581672787615649867e+01
1.208800000000000097e+00 4.372723495376871483e+01
1.233300000000000063e+00 4.172063233842506946e+01
1.258199999999999985e+00 3.981039420186394295e+01
1.283600000000000074e+00 3.798512952183543945e+01
1.309500000000000108e+00 3.624187947558424838e+01
1.336000000000000076e+00 3.457157660980706737e+01
1.362999999999999989e+00 3.297813540380586517e+01
1.390500000000000069e+00 3.145854390839932435e+01
1.418600000000000083e+00 3.000482560216721595e+01
1.447200000000000042e+00 2.861970452921194763e+01
1.476499999999999924e+00 2.729148769397392016e+01
1.506299999999999972e+00 2.602721877785057103e+01
1.536699999999999955e+00 2.482017594144067729e+01
1.567800000000000082e+00 2.366471400262831892e+01
1.599399999999999933e+00 2.256619837839167531e+01
1.631799999999999917e+00 2.151245488319843346e+01
1.664700000000000069e+00 2.051150558065392815e+01
1.698399999999999910e+00 1.955245030996468714e+01
1.732699999999999907e+00 1.863950969488822196e+01
1.767700000000000049e+00 1.776825575877407459e+01
1.803399999999999892e+00 1.693718964215722167e+01
1.839800000000000102e+00 1.614480945369349030e+01
1.877000000000000002e+00 1.538765100830732102e+01
1.914900000000000047e+00 1.466645532185472867e+01
1.953600000000000003e+00 1.397801424574070239e+01
1.993000000000000105e+00 1.332281066121540292e+01
2.033300000000000107e+00 1.269638746957790154e+01
2.074399999999999800e+00 1.209932336127707408e+01
2.116299999999999848e+00 1.153048006578876361e+01
2.158999999999999808e+00 1.098872833708593966e+01
2.202599999999999891e+00 1.047180707922803933e+01
2.247100000000000097e+00 9.978845172830123289e+00
2.292499999999999982e+00 9.508964201190973853e+00
2.338799999999999990e+00 9.061284458798811059e+00
2.386099999999999888e+00 8.634057236855369410e+00
2.434299999999999908e+00 8.227403082980053739e+00
2.483499999999999819e+00 7.839693875430956638e+00
