9.919693400672616873e-03
9.999999999999989800e-03
1.008095673533815351e-02
1.016256886997595442e-02
1.024484170981220313e-02
1.032778060370044201e-02
1.041139094379685964e-02
1.049567816591076737e-02
1.058064774985796076e-02
1.066630521981711856e-02
1.075265614468877418e-02
1.083970613845753293e-02
1.092746086055698847e-02
1.101592601623758994e-02
1.110510735693772018e-02
1.119501068065744363e-02
1.128564183233560919e-02
1.137700670422977720e-02
1.146911123629923424e-02
1.156196141659133515e-02
1.165556328163061192e-02
1.174992291681142831e-02
1.184504645679341529e-02
1.194094008590047655e-02
1.203761003852278459e-02
1.213506259952202605e-02
1.223330410464017713e-02
1.233234094091121245e-02
1.243217954707652104e-02
1.253282641400343782e-02
1.263428808510716830e-02
1.273657115677638042e-02
1.283968227880183562e-02
1.294362815480891264e-02
1.304841554269335624e-02
1.315405125506054727e-02
1.326054215966859968e-02
1.336789517987465453e-02
1.347611729508516737e-02
1.358521554120958874e-02
1.369519701111771882e-02
1.380606885510102244e-02
1.391783828133727821e-02
1.403051255635940492e-02
1.414409900552779896e-02
1.425860501350649338e-02
1.437403802474347680e-02
1.449040554395442972e-02
1.460771513661085659e-02
1.472597442943184183e-02
1.484519111087981465e-02
1.496537293166060566e-02
1.508652770522710823e-02
1.520866330828746747e-02
1.533178768131709252e-02
1.545590882907478536e-02
1.558103482112340420e-02
1.570717379235420444e-02
1.583433394351598661e-02
1.596252354174811094e-02
1.609175092111792688e-02
1.622202448316278564e-02
1.635335269743600980e-02
1.648574410205776858e-02
1.661920730427006096e-02
1.675375098099620916e-02
1.688938387940520924e-02
1.702611481748013411e-02
1.716395268459172327e-02
1.730290644207600759e-02
1.744298512381717986e-02
1.758419783683481952e-02
1.772655376187583232e-02
1.787006215401161849e-02
1.801473234323945974e-02
1.816057373508937062e-02
1.830759581123544977e-02
1.845580813011223412e-02
1.860522032753637173e-02
1.875584211733278758e-02
1.890768329196647682e-02
1.906075372317902333e-02
1.921506336263031217e-02
1.937062224254575832e-02
1.952744047636824354e-02
1.968552825941590964e-02
1.984489586954485060e-02
2.000555366781722050e-02
2.016751209917510418e-02
2.033078169311926947e-02
2.049537306439400824e-02
2.066129691367710880e-02
2.082856402827544182e-02
2.099718528282654498e-02
2.116717164000531462e-02
2.133853415123700484e-02
2.151128395741560770e-02
2.168543228962801356e-02
2.186099046988452047e-02
2.203796991185452345e-02
2.221638212160891718e-02
2.239623869836796996e-02
2.257755133525532823e-02
2.276033182005852973e-02
2.294459203599500188e-02
2.313034396248501295e-02
2.331759967593012225e-02
2.350637135049862131e-02
2.369667125891690429e-02
2.388851177326721184e-02
2.408190536579225480e-02
2.427686460970596496e-02
2.447340218001075110e-02
2.467153085432189849e-02
2.487126351369791169e-02
2.507261314347832004e-02
2.527559283412753738e-02
2.548021578208624349e-02
2.568649529062920142e-02
2.589444477072998588e-02
2.610407774193324731e-02
2.631540783323324181e-02
2.652844878396027478e-02
2.674321444467377823e-02
2.695971877806263572e-02
2.717797585985332401e-02
2.739799987972457371e-02
2.761980514223030120e-02
2.784340606772941693e-02
2.806881719332316935e-02
2.829605317380067681e-02
2.852512878259121087e-02
2.875605891272507361e-02
2.898885857780168079e-02
2.922354291296546530e-02
2.946012717589029800e-02
2.969862674777094813e-02
2.993905713432350180e-02
3.018143396679325366e-02
3.042577300297077611e-02
3.067209012821682512e-02
3.092040135649459093e-02
3.117072283141133701e-02
3.142307082726744638e-02
3.167746175011491860e-02
3.193391213882379454e-02
3.219243866615721650e-02
3.245305813985575882e-02
3.271578750372998445e-02
3.298064383876181394e-02
3.324764436421549091e-02
3.351680643875653426e-02
3.378814756158080718e-02
3.406168537355170473e-02
3.433743765834747219e-02
3.461542234361721787e-02
3.489565750214623091e-02
3.517816135303140218e-02
3.546295226286545060e-02
3.575004874693083617e-02
3.603946947040400500e-02
3.633123324956825245e-02
3.662535905303768158e-02
3.692186600298979354e-02
3.722077337640922884e-02
3.752210060634079275e-02
3.782586728315266017e-02
3.813209315581050918e-02
3.844079813316093885e-02
3.875200228522626689e-02
3.906572584450915264e-02
3.938198920730778124e-02
3.970081293504241354e-02
4.002221775559153955e-02
4.034622456464002221e-02
4.067285442703737902e-02
4.100212857816702000e-02
4.133406842532741376e-02
4.166869554912319695e-02
4.200603170486887084e-02
4.234609882400253156e-02
4.268891901551228468e-02
4.303451456737339420e-02
4.338290794799701255e-02
4.373412180769149782e-02
4.408817898013471515e-02
4.444510248385825230e-02
4.480491552374456926e-02
4.516764149253491706e-02
4.553330397235093308e-02
4.590192673622700559e-02
4.627353374965654381e-02
4.664814917214978734e-02
4.702579735880416806e-02
4.740650286188834162e-02
4.779029043243811226e-02
4.817718502186529167e-02
4.856721178358056751e-02
4.896039607462804311e-02
4.935676345733456399e-02
4.975633970097082664e-02
5.015915078342743361e-02
5.056522289290351496e-02
5.097458242960900554e-02
5.138725600748172279e-02
5.180327045591681667e-02
5.222265282151179744e-02
5.264543036982457375e-02
5.307163058714581966e-02
5.350128118228664187e-02
5.393441008837922268e-02
5.437104546469358202e-02
5.481121569846801600e-02
5.525494940675428068e-02
5.570227543827888789e-02
5.615322287531778617e-02
5.660782103558786166e-02
5.706609947415266365e-02
5.752808798534356227e-02
5.799381660469755256e-02
5.846331561090906820e-02
5.893661552779932283e-02
5.941374712630042437e-02
5.989474142645553195e-02
6.037962969943645036e-02
6.086844346957567126e-02
6.136121451641688568e-02
6.185797487678014461e-02
6.235875684684542147e-02
6.286359298425209241e-02
6.337251611021517406e-02
6.388555931165985913e-02
6.440275594337228904e-02
6.492413963016774314e-02
6.544974426907747278e-02
6.597960403155153641e-02
6.651375336568143837e-02
6.705222699843861600e-02
6.759505993793317458e-02
6.814228747568942812e-02
6.869394518893991164e-02
6.925006894293926629e-02
6.981069489329556899e-02
7.037585948832038307e-02
7.094559947139954248e-02
7.151995188338072795e-02
7.209895406498281756e-02
7.268264365922237624e-02
7.327105861386198904e-02
7.386423718387689907e-02
7.446221793394178223e-02
7.506503974093883813e-02
7.567274179648425525e-02
7.628536360947721362e-02
7.690294500866798333e-02
7.752552614524700625e-02
7.815314749545626549e-02
7.878584986321950090e-02
7.942367438279619718e-02
8.006666252145544505e-02
8.071485608217121577e-02
8.136829720634142227e-02
8.202702837652632584e-02
8.269109241921174247e-02
8.336053250759212219e-02
8.403539216437848347e-02
8.471571526462751134e-02
8.540154603859348437e-02
8.609292907460493194e-02
8.678990932196291308e-02
8.749253209386284591e-02
8.820084307034169180e-02
8.891488830124634479e-02
8.963471420922895783e-02
9.036036759276359909e-02
9.109189562919003946e-02
9.182934587778041058e-02
9.257276628283062081e-02
9.332220517677848604e-02
9.407771128334549426e-02
9.483933372070388335e-02
9.560712200467132160e-02
9.638112605192866722e-02
9.716139618326667671e-02
9.794798312685595865e-02
9.874093802154651489e-02
9.954031242019172054e-02
1.003461582929994628e-01
1.011585280309121176e-01
1.019774744490116736e-01
1.028030507899538176e-01
1.036353107274295138e-01
1.044743083696541563e-01
1.053200982628860055e-01
1.061727353949716429e-01
1.070322751989214727e-01
1.078987735565133943e-01
1.087722868019258549e-01
1.096528717254008634e-01
1.105405855769348994e-01
1.114354860700025179e-01
1.123376313853072517e-01
1.132470801745646405e-01
1.141638915643158197e-01
1.150881251597702659e-01
1.160198410486826121e-01
1.169590998052578573e-01
1.179059624940900081e-01
1.188604906741325268e-01
1.198227464026992567e-01
1.207927922395006237e-01
1.217706912507095923e-01
1.227565070130621910e-01
1.237503036179915528e-01
1.247521456757931801e-01
1.257620983198273479e-01
1.267802272107522166e-01
1.278065985407932370e-01
1.288412790380469852e-01
1.298843359708180545e-01
1.309358371519941666e-01
1.319958509434534799e-01
1.330644462605096723e-01
1.341416925763927737e-01
1.352276599267645263e-01
1.363224189142733522e-01
1.374260407131432937e-01
1.385385970738015338e-01
1.396601603275439141e-01
1.407908033912358692e-01
1.419305997720548551e-01
1.430796235722679721e-01
1.442379494940501938e-01
1.454056528443409269e-01
1.465828095397398168e-01
1.477694961114429661e-01
1.489657897102175388e-01
1.501717681114184411e-01
1.513875097200442499e-01
1.526130935758348295e-01
1.538485993584104983e-01
1.550941073924507752e-01
1.563496986529184785e-01
1.576154547703228770e-01
1.588914580360270556e-01
1.601777914075988019e-01
1.614745385142020706e-01
1.627817836620364944e-01
1.640996118398164449e-01
1.654281087242972237e-01
1.667673606858457724e-01
1.681174547940542108e-01
1.694784788234027784e-01
1.708505212589646327e-01
1.722336713021591914e-01
1.736280188765520482e-01
1.750336546336995480e-01
1.764506699590444871e-01
1.778791569778558901e-01
1.793192085612186626e-01
1.807709183320725665e-01
1.822343806712967973e-01
1.837096907238485732e-01
1.851969444049469948e-01
1.866962384063093616e-01
1.882076702024383652e-01
1.897313380569570496e-01
1.912673410290000875e-01
1.928157789796517418e-01
1.943767525784390326e-01
1.959503633098774178e-01
1.975367134800664337e-01
1.991359062233438448e-01
2.007480455089884486e-01
2.023732361479806674e-01
2.040115837998163761e-01
2.056631949793760461e-01
2.073281770638504273e-01
2.090066382997203542e-01
2.106986878097950877e-01
2.124044356003063905e-01
2.141239925680605283e-01
2.158574705076487799e-01
2.176049821187136246e-01
2.193666410132784073e-01
2.211425617231315144e-01
2.229328597072732787e-01
2.247376513594234182e-01
2.265570540155854296e-01
2.283911859616785112e-01
2.302401664412251359e-01
2.321041156631042934e-01
2.339831548093678770e-01
2.358774060431163833e-01
2.377869925164446396e-01
2.397120383784454856e-01
2.416526687832824538e-01
2.436090098983273444e-01
2.455811889123598601e-01
2.475693340438405443e-01
2.495735745492434765e-01
2.515940407314611327e-01
2.536308639482766636e-01
2.556841766209011491e-01
2.577541122425862641e-01
2.598408053873005330e-01
2.619443917184794968e-01
2.640650079978463238e-01
2.662027920943008663e-01
2.683578829928864318e-01
2.705304208038225022e-01
2.727205467716156129e-01
2.749284032842424508e-01
2.771541338824044520e-01
2.793978832688637226e-01
2.816597973178474046e-01
2.839400230845331996e-01
2.862387088146094993e-01
2.885560039539130095e-01
2.908920591581461434e-01
2.932470263026697443e-01
2.956210584923782414e-01
2.980143100716534099e-01
3.004269366343983449e-01
3.028590950341548682e-01
3.053109433942977624e-01
3.077826411183191002e-01
3.102743489001884014e-01
3.127862287348009973e-01
3.153184439285114937e-01
3.178711591097469480e-01
3.204445402397148590e-01
3.230387546231890949e-01
3.256539709193883025e-01
3.282903591529425236e-01
3.309480907249433002e-01
3.336273384240918127e-01
3.363282764379289524e-01
3.390510803641607618e-01
3.417959272220766342e-01
3.445629954640538894e-01
3.473524649871643222e-01
3.501645171448662941e-01
3.529993347587968011e-01
3.558571021306582427e-01
3.587380050541972287e-01
3.616422308272880803e-01
3.645699682641063699e-01
3.675214077074055452e-01
3.704967410408932516e-01
3.734961617017024116e-01
3.765198646929723281e-01
3.795680465965228789e-01
3.826409055856359043e-01
3.857386414379409545e-01
3.888614555483994595e-01
3.920095509424034175e-01
3.951831322889705622e-01
3.983824059140525509e-01
4.016075798139485120e-01
4.048588636688274511e-01
4.081364688563615672e-01
4.114406084654668172e-01
4.147714973101574443e-01
4.181293519435121397e-01
4.215143906717520594e-01
4.249268335684360243e-01
4.283669024887634125e-01
4.318348210840040058e-01
4.353308148160335289e-01
4.388551109719934784e-01
4.424079386790693014e-01
4.459895289193827050e-01
4.496001145450140291e-01
4.532399302931363061e-01
4.569092128012781640e-01
4.606082006227102399e-01
4.643371342419492231e-01
4.680962560903993430e-01
4.718858105621082655e-01
4.757060440296583814e-01
4.795572048601856041e-01
4.834395434315220674e-01
4.873533121484802666e-01
4.912987654592578801e-01
4.952761598719818692e-01
4.992857539713876358e-01
5.033278084356240800e-01
5.074025860532095367e-01
5.115103517401098365e-01
5.156513725569641382e-01
5.198259177264494824e-01
5.240342586507781286e-01
5.282766689293496576e-01
5.325534243765329689e-01
5.368648030396001580e-01
5.412110852168052766e-01
5.455925534756017603e-01
5.500094926710208387e-01
5.544621899641846152e-01
5.589509348409787970e-01
5.634760191308721966e-01
5.680377370258888892e-01
5.726363850997375771e-01
5.772722623270890585e-01
5.819456701030160106e-01
5.866569122625872046e-01
5.914062951006204827e-01
5.961941273915988271e-01
6.010207204097384182e-01
6.058863879492341065e-01
6.107914463446534326e-01
6.157362144915059510e-01
6.207210138669769783e-01
6.257461685508221017e-01
6.308120052464450955e-01
6.359188533021316037e-01
6.410670447324630095e-01
6.462569142399053890e-01
6.514887992365615554e-01
6.567630398661180591e-01
6.620799790259501716e-01
6.674399623894187172e-01
6.728433384283458718e-01
6.782904584356634903e-01
6.837816765482602754e-01
6.893173497699996988e-01
6.948978379949315443e-01
7.005235040306931893e-01
7.061947136220890764e-01
7.119118354748795729e-01
7.176752412797433589e-01
7.234853057364453166e-01
7.293424065782007082e-01
7.352469245962242050e-01
7.411992436644966320e-01
7.471997507647152315e-01
7.532488360114535375e-01
7.593468926775293060e-01
7.654943172195626255e-01
7.716915093037629569e-01
7.779388718319031337e-01
7.842368109675186272e-01
7.905857361623119806e-01
7.969860601827720714e-01
8.034381991370133091e-01
8.099425725018228883e-01
8.164996031499360818e-01
8.231097173775274722e-01
8.297733449319258936e-01
8.364909190395574123e-01
8.432628764341016936e-01
8.500896573848980564e-01
8.569717057255589188e-01
8.639094688828287127e-01
8.709033979056766128e-01
8.779539474946104205e-01
8.850615760312509073e-01
8.922267456081237613e-01
8.994499220587046651e-01
9.067315749877081776e-01
9.140721778016097643e-01
9.214722077394349453e-01
9.289321459037771511e-01
9.364524772920794771e-01
9.440336908281695694e-01
9.516762793940358733e-01
9.593807398618858784e-01
9.671475731264377318e-01
9.749772841374898524e-01
9.828703819327536673e-01
9.908273796709362591e-01
9.988487946651176674e-01
1.006935148416371328e+00
1.015086966647673616e+00
1.023304779338083836e+00
1.031589120757196776e+00
1.039940529499882471e+00
1.048359548521296203e+00
1.056846725172182477e+00
1.065402611234457897e+00
1.074027762957085130e+00
1.082722741092239538e+00
1.091488110931759792e+00
1.100324442343903586e+00
1.109232309810397110e+00
1.118212292463780511e+00
1.127264974125066210e+00
1.136390943341687443e+00
1.145590793425765863e+00
1.154865122492684915e+00
1.164214533499974058e+00
1.173639634286512523e+00
1.183141037612042368e+00
1.192719361197008610e+00
1.202375227762720211e+00
1.212109265071833697e+00
1.221922105969166505e+00
1.231814388422844520e+00
1.241786755565772005e+00
1.251839855737447937e+00
1.261974342526116510e+00
1.272190874811257588e+00
1.282490116806427993e+00
1.292872738102437413e+00
1.303339413710884465e+00
1.313890824108041588e+00
1.324527655279094329e+00
1.335250598762743213e+00
1.346060351696157786e+00
1.356957616860302140e+00
1.367943102725626803e+00
1.379017523498126119e+00
1.390181599165776882e+00
1.401436055545340231e+00
1.412781624329553010e+00
1.424219043134697937e+00
1.435749055548558806e+00
1.447372411178762031e+00
1.459089865701516109e+00
1.470902180910733659e+00
1.482810124767563353e+00
1.494814471450317317e+00
1.506916001404799754e+00
1.519115501395055245e+00
1.531413764554507173e+00
1.543811590437531356e+00
1.556309785071433582e+00
1.568909161008852138e+00
1.581610537380591319e+00
1.594414739948866622e+00
1.607322601160995346e+00
1.620334960203517083e+00
1.633452663056750298e+00
1.646676562549798772e+00
1.660007518415986816e+00
1.673446397348761217e+00
1.686994073058035726e+00
1.700651426326994509e+00
1.714419345069353229e+00
1.728298724387091756e+00
1.742290466628638512e+00
1.756395481447542428e+00
1.770614685861609638e+00
1.784949004312522236e+00
1.799399368725944637e+00
1.813966718572102899e+00
1.828652000926868082e+00
1.843456170533330107e+00
1.858380189863862775e+00
1.873425029182709922e+00
1.888591666609051201e+00
1.903881088180601644e+00
1.919294287917716613e+00
1.934832267888012547e+00
1.950496038271524624e+00
1.966286617426370675e+00
1.982205031954964225e+00
1.998252316770757320e+00
2.014429515165522933e+00
2.030737678877182262e+00
2.047177868158189806e+00
2.063751151844449794e+00
2.080458607424816808e+00
2.097301321111144201e+00
2.114280387908896941e+00
2.131396911688355100e+00
2.148652005256365793e+00
2.166046790428698632e+00
2.183582398102977162e+00
2.201259968332201833e+00
2.219080650398874699e+00
2.237045602889710771e+00
2.255155993770962208e+00
2.273413000464358458e+00
2.291817809923646365e+00
2.310371618711771102e+00
2.329075633078653951e+00
2.347931069039622010e+00
2.366939152454468509e+00
2.386101119107145063e+00
2.405418214786104514e+00
2.424891695365305466e+00
2.444522826885842104e+00
2.464312885638268558e+00
2.484263158245569869e+00
2.504374941746807970e+00
2.524649543681456887e+00
2.545088282174397420e+00
2.565692486021619700e+00
2.586463494776613192e+00
2.607402658837452591e+00
2.628511339534601365e+00
2.649790909219404966e+00
2.671242751353316347e+00
2.692868260597842678e+00
2.714668842905212376e+00
2.736645915609792645e+00
2.758800907520218004e+00
2.781135259012294636e+00
2.803650422122640151e+00
2.826347860643088072e+00
2.849229050215847714e+00
2.872295478429457205e+00
2.895548644915475922e+00
2.918990061445992268e+00
2.942621252031909940e+00
2.966443753022023344e+00
2.990459113202915020e+00
3.014668893899627555e+00
3.039074669077186375e+00
3.063678025442922781e+00
3.088480562549629216e+00
3.113483892899564065e+00
3.138689642049270478e+00
3.164099448715268714e+00
3.189714964880591364e+00
3.215537855902185882e+00
3.241569800619193309e+00
3.267812491462080526e+00
3.294267634562680680e+00
3.320936949865113341e+00
3.347822171237604838e+00
3.374925046585209198e+00
3.402247337963458573e+00
3.429790821692902281e+00
3.457557288474603308e+00
3.485548543506556740e+00
3.513766406601046999e+00
3.542212712302975408e+00
3.570889310009109696e+00
3.599798064088334471e+00
3.628940854002852490e+00
3.658319574430380250e+00
3.687936135387333891e+00
3.717792462352989435e+00
3.747890496394677751e+00
3.778232194293977386e+00
3.808819528673927035e+00
3.839654488127290488e+00
3.870739077345816792e+00
3.902075317250588871e+00
3.933665245123407761e+00
3.965510914739241777e+00
3.997614396499747258e+00
4.029977777567888886e+00
4.062603162003607160e+00
4.095492670900633847e+00
4.128648442524378126e+00
4.162072632450945164e+00
4.195767413707294224e+00
4.229734976912488342e+00
4.263977530420130613e+00
4.298497300461934678e+00
4.333296531292456066e+00
4.368377485335012800e+00
4.403742443328753531e+00
4.439393704476947811e+00
4.475333586596467406e+00
4.511564426268464878e+00
4.548088578990308051e+00
4.584908419328687756e+00
4.622026341074012556e+00
4.659444757396041581e+00
4.697166101000766147e+00
4.735192824288565916e+00
4.773527399513669778e+00
4.812172318944854865e+00
4.851130095027493816e+00
4.890403260546902331e+00
4.929994368792988801e+00
4.969905993726283278e+00
5.010140730145243637e+00
5.050701193854969517e+00
5.091590021837268942e+00
5.132809872422089192e+00
5.174363425460360766e+00
5.216253382498201141e+00
5.258482466952565382e+00
5.301053424288303617e+00
5.343969022196648488e+00
5.387232050775173420e+00
5.430845322709155099e+00
5.474811673454454741e+00
5.519133961421862189e+00
5.563815068162924149e+00
5.608857898557287669e+00
5.654265381001567725e+00
5.700040467599708727e+00
5.746186134354930530e+00
5.792705381363203010e+00
5.839601233008286485e+00
5.886876738158385969e+00
5.934534970364326867e+00
5.982579028059406667e+00
6.031012034760823148e+00
6.079837139272750157e+00
6.129057515891066288e+00
6.178676364609696492e+00
6.228696911328675867e+00
6.279122408063876115e+00
6.329956133158417764e+00
6.381201391495837427e+00
6.432861514714915074e+00
6.484939861426290086e+00
6.537439817430821698e+00
6.590364795939705367e+00
6.643718237796374382e+00
6.697503611700226678e+00
6.751724414432098698e+00
6.806384171081630186e+00
6.861486435276433760e+00
6.917034789413125218e+00
6.973032844890255433e+00
7.029484242343056799e+00
7.086392651880164095e+00
7.143761773322212072e+00
7.201595336442368378e+00
7.259897101208851566e+00
7.318670858029328485e+00
7.377920427997381125e+00
7.437649663140913248e+00
7.497862446672583836e+00
7.558562693242296682e+00
7.619754349191660836e+00
7.681441392810583579e+00
7.743627834595912418e+00
7.806317717512163412e+00
7.869515117254371361e+00
7.933224142513084942e+00
7.997448935241450840e+00
8.062193670924523659e+00
8.127462558850718111e+00
8.193259842385469227e+00
8.259589799247139652e+00
8.326456741785072779e+00
8.393865017259999561e+00
8.461819008126649777e+00
8.530323132318661905e+00
8.599381843535866210e+00
8.668999631533749195e+00
8.739181022415412059e+00
8.809930578925797562e+00
8.881252900748346946e+00
8.953152624804054938e+00
9.025634425552887308e+00
9.098703015297724406e+00
9.172363144490715214e+00
9.246619602042107644e+00
9.321477215631608360e+00
9.396940852022257928e+00
9.473015417376799974e+00
9.549705857576677559e+00
9.627017158543582198e+00
9.704954346563576806e+00
9.783522488613934698e+00
9.862726692692492136e+00
9.942572108149773769e+00
1.002306392602377016e+01
1.010420737937740654e+01
1.018600774363881278e+01
1.026847033694422429e+01
1.035160052048378887e+01
1.043540369885009511e+01
1.051988532038954105e+01
1.060505087755658771e+01
1.069090590727078549e+01
1.077745599127678666e+01
1.086470675650722306e+01
1.095266387544853970e+01
1.104133306650976998e+01
1.113072009439435028e+01
1.122083077047484245e+01
1.131167095317079330e+01
1.140324654832960327e+01
1.149556350961047180e+01
1.158862783887151515e+01
1.168244558655990062e+01
1.177702285210524735e+01
1.187236578431617140e+01
1.196848058178001928e+01
1.206537349326591624e+01
1.216305081813094446e+01
1.226151890672973366e+01
1.236078416082731835e+01
1.246085303401531696e+01
1.256173203213155531e+01
1.266342771368295850e+01
1.276594669027200268e+01
1.286929562702653307e+01
1.297348124303309191e+01
1.307851031177374956e+01
1.318438966156650238e+01
1.329112617600915236e+01
1.339872679442686554e+01
1.350719851232332580e+01
1.361654838183551597e+01
1.372678351219225412e+01
1.383791107017631639e+01
1.394993828059043040e+01
1.406287242672696003e+01
1.417672085084141820e+01
1.429149095462985919e+01
1.440719019971001380e+01
1.452382610810644614e+01
1.464140626273957579e+01
1.475993830791865591e+01
1.487942994983881562e+01
1.499988895708198200e+01
1.512132316112199604e+01
1.524374045683375734e+01
1.536714880300649178e+01
1.549155622286117406e+01
1.561697080457220110e+01
1.574340070179313855e+01
1.587085413418689051e+01
1.599933938796006494e+01
1.612886481640168412e+01
1.625943884042630927e+01
1.639106994912143023e+01
1.652376670029944705e+01
1.665753772105399833e+01
1.679239170832084227e+01
1.692833742944334929e+01
1.706538372274238569e+01
1.720353949809098992e+01
1.734281373749362842e+01
1.748321549567012312e+01
1.762475390064440361e+01
1.776743815433785301e+01
1.791127753316762394e+01
1.805628138864970467e+01
1.820245914800691622e+01
1.834982031478176623e+01
1.849837446945440789e+01
1.864813127006537385e+01
1.879910045284355036e+01
1.895129183283916774e+01
1.910471530456187139e+01
1.925938084262407912e+01
1.941529850238937627e+01
1.957247842062628962e+01
1.973093081616732647e+01
1.989066599057328588e+01
2.005169432880312641e+01
2.021402629988896749e+01
2.037767245761682133e+01
2.054264344121270014e+01
2.070894997603430454e+01
2.087660287426838579e+01
2.104561303563356844e+01
2.121599144808906345e+01
2.138774918854900164e+01
2.156089742360261852e+01
2.173544741024015536e+01
2.191141049658486750e+01
2.208879812263062803e+01
2.226762182098579146e+01
2.244789321762294776e+01
2.262962403263474087e+01
2.281282608099592935e+01
2.299751127333137646e+01
2.318369161669049561e+01
2.337137921532787033e+01
2.356058627149013418e+01
2.375132508620940541e+01
2.394360806010286780e+01
2.413744769417908032e+01
2.433285659065069240e+01
2.452984745375371745e+01
2.472843309057359562e+01
2.492862641187766570e+01
2.513044043295466778e+01
2.533388827446085401e+01
2.553898316327303419e+01
2.574573843334847112e+01
2.595416752659185278e+01
2.616428399372908586e+01
2.637610149518834035e+01
2.658963380198815685e+01
2.680489479663272334e+01
2.702189847401451672e+01
2.724065894232403551e+01
2.746119042396709276e+01
2.768350725648945598e+01
2.790762389350896910e+01
2.813355490565531625e+01
2.836131498151716457e+01
2.859091892859722250e+01
2.882238167427492215e+01
2.905571826677683234e+01
2.929094387615516837e+01
2.952807379527381926e+01
2.976712344080275940e+01
3.000810835422026912e+01
3.025104420282338680e+01
3.049594678074642573e+01
3.074283200998794641e+01
3.099171594144572950e+01
3.124261475596040682e+01
3.149554476536741632e+01
3.175052241355745508e+01
3.200756427754569700e+01
3.226668706854931656e+01
3.252790763307405086e+01
3.279124295400951183e+01
3.305671015173316363e+01
3.332432648522353702e+01
3.359410935318218350e+01
3.386607629516482376e+01
3.414024499272175461e+01
3.441663327054725841e+01
3.469525909763864746e+01
3.497614058846425422e+01
3.525929600414127663e+01
3.554474375362296001e+01
3.583250239489540689e+01
3.612259063618408561e+01
3.641502733717027951e+01
3.670983151021697211e+01
3.700702232160504224e+01
3.730661909277935706e+01
3.760864130160485530e+01
3.791310858363301151e+01
3.822004073337818397e+01
3.852945770560472027e+01
3.884137961662423066e+01
3.915582674560337040e+01
3.947281953588240100e+01
3.979237859630408991e+01
4.011452470255375147e+01
4.043927879850978258e+01
4.076666199760541076e+01
4.109669558420140589e+01
4.142940101496967742e+01
4.176479992028838240e+01
4.210291410564813930e+01
4.244376555306972421e+01
4.278737642253312146e+01
4.313376905341841194e+01
4.348296596595785957e+01
4.383498986270024744e+01
4.418986362998676753e+01
4.454761033943890425e+01
4.490825324945860331e+01
4.527181580674010775e+01
4.563832164779448419e+01
4.600779460048627811e+01
4.638025868558258935e+01
4.675573811831495163e+01
4.713425730995338370e+01
4.751584086939360674e+01
4.790051360475692377e+01
4.828830052500305214e+01
4.867922684155622903e+01
4.907331796994400008e+01
4.947059953144977129e+01
4.987109735477848460e+01
5.027483747773588618e+01
5.068184614892119555e+01
5.109214982943390027e+01
5.150577519459376674e+01
5.192274913567527506e+01
5.234309876165587383e+01
5.276685140097842464e+01
5.319403460332808464e+01
5.362467614142308747e+01
5.405880401282061598e+01
5.449644644173690011e+01
5.493763188088218641e+01
5.538238901331071418e+01
5.583074675428522937e+01
5.628273425315703093e+01
5.673838089526106643e+01
5.719771630382628302e+01
5.766077034190183781e+01
5.812757311429816554e+01
5.859815496954448832e+01
5.907254650186182232e+01
5.955077855315200708e+01
6.003288221500277899e+01
6.051888883070942171e+01
6.100882999731208400e+01
6.150273756765034960e+01
6.200064365243395059e+01
6.250258062233041301e+01
6.300858111006974127e+01
6.351867801256577906e+01
6.403290449305502818e+01
6.455129398325276213e+01
6.507388018552643416e+01
6.560069707508704084e+01
6.613177890219765231e+01
6.666716019440029584e+01
6.720687575876070241e+01
6.775096068413122907e+01
6.829945034343231214e+01
6.885238039595174087e+01
6.940978678966341420e+01
6.997170576356424476e+01
7.053817385003023333e+01
7.110922787719150051e+01
7.168490497132690109e+01
7.226524255927732554e+01
7.285027837087919522e+01
7.344005044141738381e+01
7.403459711409793442e+01
7.463395704254119778e+01
7.523816919329438235e+01
7.584727284836525030e+01
7.646130760777580804e+01
7.708031339213688682e+01
7.770433044524376953e+01
7.833339933669215327e+01
7.896756096451599660e+01
7.960685655784635628e+01
8.025132767959183866e+01
8.090101622914103530e+01
8.155596444508604748e+01
8.221621490796889020e+01
8.288181054304978090e+01
8.355279462309782446e+01
8.422921077120425082e+01
8.491110296361881637e+01
8.559851553260843104e+01
8.629149316933963121e+01
8.699008092678403159e+01
8.769432422264735294e+01
8.840426884232242344e+01
8.911996094186550010e+01
8.984144705099718919e+01
9.056877407612759612e+01
9.130198930340567642e+01
9.204114040179393896e+01
9.278627542616689539e+01
9.353744282043579972e+01
9.429469142069793008e+01
9.505807045841164893e+01
9.582762956359732698e+01
9.660341876806357675e+01
9.738548850866025930e+01
9.817388963055746842e+01
9.896867339055125967e+01
9.976989146039592526e+01
1.005775959301633691e+02
1.013918393116298233e+02
1.022126745416899354e+02
1.030401549857974430e+02
1.038743344414362753e+02
1.047152671416163514e+02
1.055630077584012128e+02
1.064176114064607219e+02
1.072791336466556942e+02
1.081476304896496572e+02
1.090231583995494162e+02
1.099057742975776932e+02
1.107955355657719281e+02
1.116925000507165180e+02
1.125967260673028534e+02
1.135082724025200207e+02
1.144271983192782898e+02
1.153535635602601559e+02
1.162874283518061134e+02
1.172288534078293623e+02
1.181778999337624896e+02
1.191346296305382282e+02
1.200991046985988930e+02
1.210713878419421121e+02
1.220515422721965280e+02
1.230396317127307242e+02
1.240357204027979634e+02
1.250398731017104410e+02
1.260521550930514536e+02
1.270726321889187602e+02
1.281013707342026464e+02
1.291384376109010930e+02
1.301839002424657963e+02
1.312378265981873824e+02
1.323002851976138743e+02
1.333713451150042602e+02
1.344510759838212834e+02
1.355395480012563212e+02
1.366368319327951895e+02
1.377429991168179981e+02
1.388581214692362096e+02
1.399822714881701415e+02
1.411155222586600928e+02
1.422579474574198741e+02
1.434096213576259231e+02
1.445706188337451295e+02
1.457410153664048664e+02
1.469208870472978958e+02
1.481103105841314971e+02
1.493093633056124077e+02
1.505181231664762720e+02
1.517366687525548059e+02
1.529650792858839452e+02
1.542034346298567868e+02
1.554518152944129383e+02
1.567103024412752745e+02
1.579789778892254333e+02
1.592579241194222277e+02
1.605472242807663008e+02
1.618469621953034334e+02
1.631572223636761692e+02
1.644780899706167077e+02
1.658096508904841357e+02
1.671519916928494922e+02
1.685051996481216179e+02
1.698693627332229710e+02
1.712445696373085582e+02
1.726309097675306816e+02
1.740284732548542479e+02
1.754373509599136298e+02
1.768576344789222787e+02
1.782894161496265895e+02
1.797327890573083096e+02
1.811878470408385056e+02
1.826546846987757533e+02
1.841333973955188128e+02
1.856240812675053462e+02
1.871268332294612264e+02
1.886417509807038186e+02
1.901689330114906511e+02
1.917084786094254127e+02
1.932604878659118981e+02
1.948250616826599355e+02
1.964023017782483862e+02
1.979923106947346696e+02
1.995951918043247417e+02
2.012110493160919589e+02
2.028399882827511931e+02
2.044821146074914395e+02
2.061375350508576503e+02
2.078063572376949537e+02
2.094886896641424698e+02
2.111846417046898523e+02
2.128943236192869790e+02
2.146178465605108840e+02
2.163553225807954163e+02
2.181068646397125406e+02
2.198725866113194343e+02
2.216526032915603821e+02
2.234470304057288672e+02
2.252559846159943220e+02
2.270795835289832496e+02
2.289179457034283587e+02
2.307711906578751666e+02
2.326394388784509033e+02
2.345228118267009734e+02
2.364214319474820343e+02
2.383354226769257309e+02
2.402649084504621726e+02
2.422100147109088653e+02
2.441708679166291631e+02
2.461475955497502071e+02
2.481403261244543046e+02
2.501491891953325251e+02
2.521743153658062511e+02
2.542158362966214042e+02
2.562738847144043461e+02
2.583485944202944324e+02
2.604401002986414255e+02
2.625485383257729950e+02
2.646740455788391273e+02
2.668167602447191484e+02
2.689768216290104306e+02
2.711543701650823550e+02
2.733495474232058200e+02
2.755624961197604534e+02
2.777933601265089578e+02
2.800422844799544464e+02
2.823094153907682085e+02
2.845949002532937584e+02
2.868988876551333647e+02
2.892215273868037002e+02
2.915629704514789182e+02
2.939233690748031904e+02
2.963028767147915232e+02
2.987016480718050957e+02
3.011198390986066329e+02
3.035576070105042277e+02
3.060151102955670694e+02
3.084925087249340550e+02
3.109899633631990241e+02
3.135076365788802946e+02
3.160456920549812025e+02
3.186042947996266435e+02
3.211836111567955072e+02
3.237838088171330355e+02
3.264050568288514000e+02
3.290475256087245270e+02
3.317113869531620480e+02
3.343968140493834653e+02
3.371039814866755364e+02
3.398330652677405510e+02
3.425842428201441976e+02
3.453576930078449436e+02
3.481535961428277233e+02
3.509721339968240272e+02
3.538134898131283990e+02
3.566778483185156006e+02
3.595653957352456018e+02
3.624763197931748095e+02
3.654108097419594969e+02
3.683690563633570036e+02
3.713512519836346542e+02
3.743575904860672381e+02
3.773882673235477228e+02
3.804434795312917572e+02
3.835234257396452904e+02
3.866283061870042843e+02
3.897583227328257180e+02
3.929136788707576216e+02
3.960945797418659708e+02
3.993012321479693583e+02
4.025338445650898507e+02
4.057926271569999130e+02
4.090777917888925117e+02
4.123895520411488747e+02
4.157281232232298862e+02
4.190937223876712210e+02
4.224865683441927331e+02
4.259068816739296608e+02
4.293548847437664904e+02
4.328308017208004230e+02
4.363348585869118779e+02
4.398672831534544798e+02
4.434283050760715241e+02
4.470181558696198749e+02
4.506370689232279005e+02
4.542852795154661862e+02
4.579630248296408581e+02
4.616705439692204891e+02
4.654080779733736790e+02
4.691758698326459580e+02
4.729741645047553220e+02
4.768032089305142449e+02
4.806632520498916392e+02
4.845545448181889014e+02
4.884773402223628977e+02
4.924318932974699123e+02
4.964184611432442011e+02
5.004373029408193361e+02
5.044886799695705690e+02
5.085728556241090246e+02
5.126900954314023693e+02
5.168406670680350317e+02
5.210248403776176929e+02
5.252428873883224014e+02
5.294950823305761105e+02
5.337817016548854099e+02
5.381030240498072317e+02
5.424593304600734882e+02
5.468509041048497465e+02
5.512780304961536331e+02
5.557409974574156877e+02
5.602400951421871014e+02
5.647756160530122997e+02
5.693478550604361317e+02
5.739571094221838621e+02
5.786036788024774751e+02
5.832878652915261455e+02
5.880099734251629116e+02
5.927703102046395998e+02
5.975691851165952357e+02
6.024069101531665638e+02
6.072837998322803514e+02
6.122001712180978075e+02
6.171563439416245274e+02
6.221526402214993823e+02
6.271893848849332471e+02
6.322669053888351982e+02
6.373855318410995778e+02
6.425455970220614290e+02
6.477474364061430379e+02
6.529913881836522478e+02
6.582777932827790437e+02
6.636069953917573230e+02
6.689793409812042455e+02
6.743951793266555796e+02
6.798548625312621425e+02
6.853587455486912177e+02
6.909071862061992988e+02
6.965005452278905977e+02
7.021391862581806436e+02
7.078234758854247275e+02
7.135537836657625803e+02
7.193304821471399464e+02
7.251539468935242212e+02
7.310245565093323421e+02
7.369426926640330748e+02
7.429087401169709892e+02
7.489230867423766540e+02
7.549861235545793079e+02
7.610982447334384915e+02
7.672598476499592834e+02
7.734713328921371840e+02
7.797331042909977441e+02
7.860455689468449236e+02
7.924091372557413706e+02
7.988242229361750333e+02
8.052912430559706536e+02
8.118106180593911176e+02
8.183827717944838014e+02
8.250081315406314388e+02
8.316871280363262713e+02
8.384201955071854400e+02
8.452077716941684002e+02
8.520502978820466069e+02
8.589482189280905686e+02
8.659019832909834804e+02
8.729120430599911060e+02
8.799788539843393664e+02
8.871028755028564774e+02
8.942845707738371175e+02
9.015244067051490902e+02
9.088228539846012382e+02
9.161803871105297503e+02
9.235974844226599316e+02
9.310746281331996670e+02
9.386123043581833372e+02
9.462110031490900610e+02
9.538712185246878335e+02
9.615934485031650638e+02
9.693781951345030166e+02
9.772259645331100728e+02
9.851372669107385036e+02
9.931126166096419183e+02
1.001152532136025229e+03
1.009257536193751889e+03
1.017428155718317953e+03
1.025664921911126157e+03
1.033968370274003519e+03
1.042339040644031684e+03
1.050777477228636599e+03
1.059284228640964784e+03
1.067859847935561902e+03
1.076504892644316669e+03
1.085219924812718546e+03
1.094005511036394864e+03
1.102862222497939001e+03
1.111790635004061187e+03
1.120791329023005801e+03
1.129864889722307680e+03
1.139011907006818547e+03
1.148232975557072905e+03
1.157528694867944978e+03
1.166899669287617826e+03
1.176346508056888524e+03
1.185869825348759150e+03
1.195470240308383609e+03
1.205148377093313002e+03
1.214904864914066366e+03
1.224740338075055661e+03
1.234655436015804071e+03
1.244650803352537196e+03
1.254727089920081198e+03
1.264884950814106787e+03
1.275125046433734951e+03
1.285448042524451921e+03
1.295854610221410212e+03
1.306345426093053220e+03
1.316921172185093837e+03
1.327582536064874830e+03
1.338330210866049129e+03
1.349164895333660979e+03
1.360087293869567475e+03
1.371098116578224108e+03
1.382198079312871414e+03
1.393387903722053352e+03
1.404668317296552686e+03
1.416040053416680394e+03
1.427503851399946370e+03
1.439060456549145556e+03
1.450710620200788753e+03
1.462455099773971597e+03
1.474294658819605729e+03
1.486230067070055156e+03
1.498262100489195973e+03
1.510391541322843295e+03
1.522619178149627032e+03
1.534945805932253734e+03
1.547372226069178396e+03
1.559899246446728966e+03
1.572527681491603971e+03
1.585258352223848760e+03
1.598092086310205104e+03
1.611029718117944412e+03
1.624072088769103175e+03
1.637220046195157011e+03
1.650474445192172425e+03
1.663836147476351471e+03
1.677306021740078677e+03
1.690884943708390210e+03
1.704573796195894829e+03
1.718373469164194603e+03
1.732284859779715362e+03
1.746308872472060784e+03
1.760446418992801000e+03
1.774698418474738901e+03
1.789065797491690091e+03
1.803549490118695530e+03
1.818150437992773277e+03
1.832869590374127483e+03
1.847707904207851925e+03
1.862666344186170363e+03
1.877745882811124375e+03
1.892947500457826663e+03
1.908272185438186625e+03
1.923720934065152051e+03
1.939294750717511306e+03
1.954994647905159582e+03
1.970821646334953357e+03
1.986776774977059404e+03
2.002861071131837434e+03
2.019075580497310057e+03
2.035421357237112261e+03
2.051899464049056405e+03
2.068510972234210385e+03
2.085256961766530821e+03
2.102138521363109703e+03
2.119156748554919886e+03
2.136312749758199516e+03
2.153607640346371227e+03
2.171042544722542971e+03
2.188618596392641848e+03
2.206336938039070901e+03
2.224198721595035295e+03
2.242205108319395094e+03
2.260357268872198802e+03
2.278656383390776227e+03
2.297103641566449369e+03
2.315700242721911309e+03
2.334447395889162635e+03
2.353346319888143171e+03
2.372398243405965331e+03
2.391604405076774128e+03
2.410966053562312027e+03
2.430484447633060427e+03
2.450160856250110101e+03
2.469996558647646452e+03
2.489992844416102344e+03
2.510151013586032605e+03
2.530472376712597907e+03
2.550958254960797603e+03
2.571609980191353316e+03
2.592428895047281003e+03
2.613416353041215189e+03
2.634573718643367556e+03
2.655902367370270895e+03
2.677403685874189705e+03
2.699079072033258399e+03
2.720929935042394391e+03
2.742957695504880121e+03
2.765163785524749983e+03
2.787549648799889383e+03
2.810116740715871401e+03
2.832866528440618367e+03
2.855800491019742822e+03
2.878920119472744318e+03
2.902226916889931090e+03
2.925722398530119335e+03
2.949408091919192884e+03
2.973285536949359994e+03
2.997356285979312815e+03
3.021621903935133105e+03
3.046083968412013292e+03
3.070744069776868400e+03
3.095603811271677387e+03
3.120664809117770346e+03
3.145928692620849688e+03
3.171397104276966274e+03
3.197071699879282733e+03
3.222954148625701237e+03
3.249046133227433529e+03
3.275349350018343102e+03
3.301865509065281913e+03
3.328596334279242001e+03
3.355543563527417064e+03
3.382708948746233091e+03
3.410094256055193910e+03
3.437701265871750820e+03
3.465531773027035342e+03
3.493587586882521919e+03
3.521870531447714711e+03
3.550382445498676134e+03
3.579125182697617674e+03
3.608100611713397484e+03
3.637310616342983849e+03
3.666757095633980043e+03
3.696441964008029117e+03
3.726367151385328270e+03
3.756534603310080456e+03
3.786946281076954619e+03
3.817604161858652333e+03
3.848510238834390293e+03
3.879666521319534240e+03
3.911075034896212856e+03
3.942737821544983035e+03
3.974656939777641583e+03
4.006834464770989143e+03
4.039272488501810130e+03
4.071973119882844912e+03
4.104938484899882496e+03
4.138170726750030553e+03
4.171672005980984977e+03
4.205444500631557275e+03
4.239490406373252881e+03
4.273811936652988152e+03
4.308411322837056105e+03
4.343290814356133524e+03
4.378452678851583187e+03
4.413899202322818383e+03
4.449632689275987104e+03
4.485655462873762190e+03
4.521969865086357458e+03
4.558578256843851705e+03
4.595483018189601353e+03
4.632686548435051918e+03
4.670191266315683606e+03
4.707999610148243846e+03
4.746114037989338613e+03
4.784537027795151516e+03
4.823271077582626276e+03
4.862318705591832440e+03
4.901682450449661701e+03
4.941364871334937561e+03
4.981368548144721899e+03
5.021696081662112192e+03
5.062350093725292027e+03
5.103333227397964038e+03
5.144648147141254412e+03
5.186297538986851578e+03
5.228284110711711946e+03
5.270610592014072608e+03
5.313279734690881014e+03
5.356294312816779893e+03
5.399657122924370015e+03
5.443370984186098212e+03
5.487438738597516021e+03
5.531863251162005326e+03
5.576647410077128370e+03
5.621794126922301984e+03
5.667306336848178944e+03
5.713186998767429031e+03
5.759439095547080797e+03
5.806065634202526780e+03
5.853069646092928451e+03
5.900454187118371919e+03
5.948222337918520680e+03
5.996377204072849963e+03
6.044921916302640057e+03
6.093859630674424807e+03
6.143193528805266396e+03
6.192926818069512592e+03
6.243062731807404816e+03
6.293604529535252368e+03
6.344555497157303762e+03
6.395918947179466159e+03
6.447698218924568209e+03
6.499896678749535567e+03
6.552517720264228046e+03
6.605564764552018460e+03
6.659041260392310505e+03
6.712950684484642807e+03
6.767296541674824766e+03
6.822082365182747708e+03
6.877311716832056845e+03
6.932988187281817773e+03
6.989115396259840963e+03
7.045696992798114479e+03
7.102736655469996549e+03
7.160238092629335370e+03
7.218205042651658005e+03
7.276641274177095511e+03
7.335550586355509949e+03
7.394936809093437660e+03
7.454803803303042514e+03
7.515155461153234683e+03
7.575995706322592014e+03
7.637328494254556063e+03
7.699157812414552609e+03
7.761487680549174911e+03
7.824322150947637056e+03
7.887665308705098141e+03
7.951521271988365697e+03
8.015894192303576347e+03
8.080788254766063801e+03
8.146207678372546070e+03
8.212156716275298095e+03
8.278639656058781839e+03
8.345660820018338200e+03
8.413224565441147206e+03
8.481335284889641116e+03
8.549997406486927503e+03
8.619215394204820768e+03
8.688993748153925480e+03
8.759337004876331775e+03
8.830249737640486273e+03
8.901736556738469517e+03
8.973802109785861830e+03
9.046451082023739218e+03
9.119688196623423210e+03
9.193518214993480797e+03
9.267945937089241852e+03
9.342976201724974089e+03
9.418613886888333582e+03
9.494863910057627436e+03
9.571731228521468438e+03
9.649220839700989018e+03
9.727337781474903750e+03
9.806087132506860144e+03
9.885474012575770757e+03
9.965503582908606404e+03
1.004618104651589056e+04
1.012751164853009323e+04
1.020950067654649138e+04
1.029215346096706526e+04
1.037547537534699222e+04
1.045947183674392545e+04
1.054414830607035037e+04
1.062951028844841494e+04
1.071556333356801042e+04
1.080231303604750792e+04
1.088976503579741257e+04
1.097792501838719545e+04
1.106679871541474677e+04
1.115639190487917767e+04
1.124671041155638704e+04
1.133776010737769320e+04
1.142954691181174712e+04
1.152207679224919048e+04
1.161535576439077340e+04
1.170938989263840995e+04
1.180418529048935306e+04
1.189974812093383116e+04
1.199608459685552771e+04
1.209320098143570794e+04
1.219110358856021230e+04
1.228979878323010598e+04
1.238929298197542812e+04
1.248959265327227331e+04
1.259070431796351295e+04
1.269263454968253063e+04
1.279538997528076834e+04
1.289897727525850496e+04
1.300340318419908363e+04
1.310867449120694619e+04
1.321479804034879271e+04
1.332178073109874094e+04
1.342962951878679996e+04
1.353835141505096908e+04
1.364795348829330032e+04
1.375844286413920054e+04
1.386982672590090624e+04
1.398211231504439820e+04
1.409530693166011770e+04
1.420941793493777368e+04
1.432445274364455327e+04
1.444041883660764506e+04
1.455732375320039137e+04
1.467517509383233664e+04
1.479398052044359247e+04
1.491374775700270766e+04
1.503448459000905314e+04
1.515619886899895573e+04
1.527889850705593381e+04
1.540259148132536757e+04
1.552728583353288377e+04
1.565298967050738247e+04
1.577971116470800553e+04
1.590745855475536518e+04
1.603624014596737288e+04
1.616606431089896796e+04
1.629693948988665034e+04
1.642887419159712226e+04
1.656187699358040118e+04
1.669595654282764735e+04
1.683112155633312796e+04
1.696738082166117238e+04
1.710474319751724033e+04
1.724321761432406493e+04
1.738281307480218311e+04
1.752353865455509367e+04
1.766540350265957750e+04
1.780841684226020880e+04
1.795258797116922142e+04
1.809792626247091903e+04
1.824444116513092740e+04
1.839214220461074365e+04
1.854103898348675284e+04
1.869114118207478168e+04
1.884245855905932694e+04
1.899500095212788801e+04
1.914877827861084370e+04
1.930380053612586926e+04
1.946007780322820690e+04
1.961762024006580396e+04
1.977643808903972240e+04
1.993654167547030738e+04
2.009794140826819785e+04
2.026064778061125980e+04
2.042467137062672555e+04
2.059002284207875709e+04
2.075671294506204504e+04
2.092475251670035868e+04
2.109415248185141900e+04
2.126492385381702479e+04
2.143707773505894147e+04
2.161062531792101436e+04
2.178557788535648069e+04
2.196194681166181181e+04
2.213974356321605592e+04
2.231897969922621269e+04
2.249966687247901791e+04
2.268181683009818153e+04
2.286544141430842501e+04
2.305055256320525950e+04
2.323716231153099216e+04
2.342528279145744455e+04
2.361492623337435725e+04
2.380610496668490669e+04
2.399883142060689352e+04
2.419311812498116706e+04
2.438897771108606685e+04
2.458642291245848537e+04
2.478546656572208667e+04
2.498612161142143304e+04
2.518840109486367874e+04
2.539231816696651003e+04
2.559788608511300845e+04
2.580511821401389898e+04
2.601402802657603388e+04
2.622462910477867990e+04
2.643693514055638298e+04
2.665095993668894153e+04
2.686671740769919052e+04
2.708422158075716288e+04
2.730348659659245095e+04
2.752452671041338908e+04
2.774735629283363960e+04
2.797198983080690232e+04
2.819844192856827794e+04
2.842672730858418436e+04
2.865686081250929783e+04
2.888885740215131955e+04
2.912273216044410583e+04
2.935850029242776509e+04
2.959617712623764965e+04
2.983577811410066352e+04
3.007731883333973747e+04
3.032081498738695154e+04
3.056628240680401359e+04
3.081373705031186546e+04
3.106319500582804176e+04
3.131467249151242868e+04
3.156818585682208504e+04
3.182375158357368127e+04
3.208138628701549169e+04
3.234110671690741947e+04
3.260292975860974548e+04
3.286687243418137950e+04
3.313295190348602046e+04
3.340118546530828462e+04
3.367159055847779382e+04
3.394418476300348266e+04
3.421898580121628765e+04
3.449601153892115690e+04
3.477527998655902047e+04
3.505680930037717917e+04
3.534061778361021425e+04
3.562672388766969380e+04
3.591514621334359981e+04
3.620590351200610894e+04
3.649901468683607527e+04
3.679449879404658714e+04
3.709237504412358248e+04
3.739266280307459238e+04
3.769538159368836205e+04
3.800055109680339956e+04
3.830819115258814418e+04
3.861832176183052070e+04
3.893096308723808761e+04
3.924613545474941202e+04
3.956385935485490336e+04
3.988415544392955053e+04
4.020704454557557619e+04
4.053254765197607776e+04
4.086068592526031716e+04
4.119148069887894235e+04
4.152495347899146145e+04
4.186112594586428168e+04
4.220001995527987310e+04
4.254165753995834530e+04
4.288606091098916659e+04
4.323325245927580545e+04
4.358325475699114759e+04
4.393609055904480192e+04
4.429178280456300854e+04
4.465035461837934417e+04
4.501182931253877177e+04
4.537623038781293872e+04
4.574358153522780049e+04
4.611390663760450843e+04
4.648722977111133514e+04
4.686357520682975155e+04
4.724296741233157809e+04
4.762543105327044032e+04
4.801099099498497526e+04
4.839967230411527271e+04
4.879150025023306807e+04
4.918650030748396239e+04
4.958469815624419425e+04
4.998611968478996278e+04
5.039079099098017468e+04
5.079873838395391795e+04
5.120998838584004261e+04
5.162456773348220304e+04
5.204250338017685863e+04
5.246382249742518616e+04
5.288855247670040990e+04
5.331672093122777733e+04
5.374835569778046192e+04
5.418348483848912292e+04
5.462213664266589331e+04
5.506433962864440400e+04
5.551012254563297029e+04
5.595951437558442558e+04
5.641254433508004877e+04
5.686924187722866918e+04
5.732963669358233892e+04
5.779375871606574219e+04
5.826163811892303784e+04
5.873330532067917375e+04
5.920879098611722293e+04
5.968812602827277442e+04
6.017134161044282519e+04
6.065846914821256360e+04
6.114954031149754883e+04
6.164458702660223935e+04
6.214364147829652939e+04
6.264673611190720840e+04
6.315390363542820705e+04
6.366517702164671209e+04
6.418058951028645242e+04
6.470017461016958259e+04
6.522396610139428230e+04
6.575199803753185552e+04
6.628430474783969112e+04
6.682092083949405060e+04
6.736188119983956858e+04
6.790722099865702330e+04
6.845697569045085402e+04
6.901118101675299113e+04
6.956987300844758283e+04
7.013308798811302404e+04
7.070086257238303369e+04
7.127323367432823579e+04
7.185023850585483888e+04
7.243191458012492512e+04
7.301829971399487113e+04
7.360943203047357383e+04
7.420534996120190772e+04
7.480609224895022635e+04
7.541169795013808471e+04
7.602220643737317005e+04
7.663765740201034350e+04
7.725809085673346999e+04
7.788354713815533614e+04
7.851406690944127331e+04
7.914969116295229469e+04
7.979046122290976928e+04
8.043641874808305874e+04
8.108760573449669755e+04
8.174406451816180197e+04
8.240583777782804100e+04
8.307296853775776981e+04
8.374550017052443582e+04
8.442347639983097906e+04
8.510694130335368391e+04
8.579593931560726196e+04
8.649051523083334905e+04
8.719071420591374044e+04
8.789658176330488641e+04
8.860816379399881407e+04
8.932550656050592079e+04
9.004865669986234570e+04
9.077766122666311276e+04
9.151256753611734894e+04
9.225342340713104932e+04
9.300027700541190279e+04
9.375317688660198473e+04
9.451217199943403830e+04
9.527731168891314883e+04
9.604864569952621241e+04
9.682622417847455654e+04
9.761009767893537355e+04
9.840031716334795055e+04
9.919693400672616553e+04
