2.499999999999999618e-03 2.051485524186379625e+05 2.640716235295471415e+04
7.499999999999998855e-03 6.920876469141570851e+04 2.187255527444310428e+04
1.250000000000000763e-02 5.991465528555404308e+04 2.575567486632035434e+04
1.749999999999999126e-02 5.719965604855787387e+04 2.666861976165493979e+04
2.250000000000000958e-02 5.283982159974385286e+04 2.532180792566188757e+04
2.750000000000000361e-02 4.715138822387036635e+04 2.282836065270383915e+04
3.249999999999999417e-02 4.126008820361449762e+04 2.004162393839457582e+04
3.750000000000001249e-02 3.599702171222243487e+04 1.748320878372914376e+04
4.250000000000000305e-02 3.177453426254746955e+04 1.539859797991047162e+04
4.749999999999998668e-02 2.861305427150369360e+04 1.381207376039973678e+04
5.249999999999998418e-02 2.633154728826468272e+04 1.263878213737722945e+04
5.749999999999996780e-02 2.463822855050431099e+04 1.173849731706050079e+04
6.250000000000001388e-02 2.322968021818054694e+04 1.096796918031032874e+04
6.750000000000000444e-02 2.185905653945202721e+04 1.021458650129187481e+04
7.249999999999999500e-02 2.037922906995110679e+04 9.415401611550783855e+03
7.749999999999999944e-02 1.875628789376563145e+04 8.560665576429075372e+03
8.249999999999996225e-02 1.705033105263945254e+04 7.682027020091019040e+03
8.750000000000004996e-02 1.537314807412154369e+04 6.831269497141107422e+03
9.249999999999998501e-02 1.384031231223966461e+04 6.058309297858380887e+03
9.750000000000000333e-02 1.253523328574086008e+04 5.396159471702229894e+03
1.024999999999999245e-01 1.149260425729202325e+04 4.855366422985020108e+03
1.074999999999999706e-01 1.069990602424995632e+04 4.426417193576867248e+03
1.125000000000000722e-01 1.010948385350222270e+04 4.086256787502899897e+03
1.174999999999999656e-01 9.654092400679162893e+03 3.805616058266371056e+03
1.225000000000000255e-01 9.262478945671735346e+03 3.555650169442040806e+03
1.274999999999999190e-01 8.873753478794847979e+03 3.313397370657459305e+03
1.325000000000000067e-01 8.448544494077625131e+03 3.065373112162590132e+03
1.375000000000000389e-01 7.974364835451416184e+03 2.808585165610710646e+03
1.424999999999999878e-01 7.463424169826987963e+03 2.548703669591868675e+03
1.474999999999999922e-01 6.943973596093033848e+03 2.296186680393238476e+03
1.524999999999999412e-01 6.449058435953866137e+03 2.061992816759022844e+03
1.575000000000000011e-01 6.006560072050625422e+03 1.854259322800129212e+03
1.625000000000000888e-01 5.633100316023700543e+03 1.676665466160002779e+03
1.675000000000000377e-01 5.332218803878997278e+03 1.528383567440433353e+03
1.724999999999999867e-01 5.095937143254738658e+03 1.405111514556964948e+03
1.774999999999999356e-01 4.908239482239408062e+03 1.300570037317576407e+03
1.824999999999999956e-01 4.750131358244950206e+03 1.208241532854054412e+03
1.875000000000001110e-01 4.603151038923499982e+03 1.122443935114338274e+03
1.925000000000000877e-01 4.452087158541889949e+03 1.039004496763935549e+03
1.974999999999999534e-01 4.288041259518400693e+03 9.558410847748509696e+02
2.024999999999999578e-01 4.110161014698342115e+03 8.730454424311045614e+02
2.075000000000000178e-01 3.923878032408890249e+03 7.920969448855802284e+02
2.125000000000001332e-01 3.737789494955856753e+03 7.148957336799927589e+02
2.174999999999998601e-01 3.560638311846646047e+03 6.430030711968463493e+02
2.224999999999999478e-01 3.399041258072796154e+03 5.772117312428935065e+02
2.274999999999999523e-01 3.256493558179354295e+03 5.174882583267506106e+02
2.325000000000000400e-01 3.133402987578140710e+03 4.631532052121065703e+02
2.375000000000000722e-01 3.027448470570515383e+03 4.131152295933324581e+02
2.424999999999998268e-01 2.934262815885223063e+03 3.661339112011976908e+02
2.474999999999999423e-01 2.848587615032929079e+03 3.210881683253266488e+02
2.525000000000000022e-01 2.765371151707749050e+03 2.771572350200171968e+02
2.575000000000000622e-01 2.680905085516957570e+03 2.339126350843051796e+02
2.625000000000000666e-01 2.593207561779001480e+03 1.912636748746747344e+02
2.674999999999998490e-01 2.502093415681318220e+03 1.493430179899075370e+02
2.725000000000000200e-01 2.408694969359083188e+03 1.083601716011177984e+02
2.775000000000000244e-01 2.315117802977837528e+03 6.849002852753888249e+01
2.825000000000000289e-01 2.223571263230724526e+03 2.978767674056068770e+01
2.875000000000000888e-01 2.136027148462073455e+03 -7.825867787242567708e+00
2.924999999999998712e-01 2.053513090519178149e+03 -4.453209205217606126e+01
2.974999999999999867e-01 1.976139709936256850e+03 -8.054863910420648665e+01
3.024999999999999911e-01 1.903236468937904419e+03 -1.160604991064005702e+02
3.074999999999999956e-01 1.833630619227120405e+03 -1.511789841802503815e+02
3.125000000000001110e-01 1.766035005651870733e+03 -1.859302592890274468e+02
3.174999999999998379e-01 1.699203225368212543e+03 -2.202600977430145406e+02
3.225000000000000644e-01 1.632234208777225831e+03 -2.540731848407865812e+02
3.275000000000000133e-01 1.564577290981413853e+03 -2.872607823870271773e+02
3.324999999999999623e-01 1.496137190991839816e+03 -3.197489303853599836e+02
3.375000000000001887e-01 1.427259431790819917e+03 -3.515363060880667945e+02
3.424999999999998601e-01 1.358407350182858863e+03 -3.826696657522591636e+02
3.475000000000001421e-01 1.290101069534536691e+03 -4.132447570764899751e+02
3.524999999999999800e-01 1.222774764779682982e+03 -4.433777219768575719e+02
3.574999999999999289e-01 1.156660812387648093e+03 -4.731691934915252773e+02
3.625000000000002109e-01 1.091851156111616319e+03 -5.027037718878275996e+02
3.674999999999998823e-01 1.028230785873009381e+03 -5.320145691223772246e+02
3.725000000000001643e-01 9.654864736697495573e+02 -5.610680962509600249e+02
3.775000000000000022e-01 9.033108741487918678e+02 -5.898109354573538212e+02
3.824999999999999512e-01 8.414168148486581913e+02 -6.181745840017586033e+02
3.875000000000002331e-01 7.795588458058253991e+02 -6.460845074937953996e+02
3.924999999999999045e-01 7.176088758109394803e+02 -6.734939407119944690e+02
3.975000000000002420e-01 6.555436126805805088e+02 -7.003896392641153170e+02
4.025000000000000244e-01 5.933946435025992514e+02 -7.267808428156678247e+02
4.074999999999998623e-01 5.312358637264587742e+02 -7.526998315279014378e+02
4.125000000000002554e-01 4.691870166677297220e+02 -7.782080023268358673e+02
4.174999999999998712e-01 4.073392149675504470e+02 -8.033639449226616307e+02
4.225000000000002087e-01 3.457282568163500969e+02 -8.282069181785700493e+02
4.275000000000000466e-01 2.843547413493299132e+02 -8.527624494094239935e+02
4.324999999999998845e-01 2.232029114791793063e+02 -8.770484915610213648e+02
4.375000000000002776e-01 1.622168145578110909e+02 -9.010597016940428148e+02
4.424999999999998934e-01 1.013245220034866492e+02 -9.247777025162264408e+02
4.475000000000002309e-01 4.045932584225244710e+01 -9.481820199177047925e+02
4.525000000000000688e-01 -2.043299564978731198e+01 -9.712549475478053864e+02
4.574999999999998512e-01 -8.139815578373089977e+01 -9.939801972832755155e+02
4.625000000000002998e-01 -1.424713898541161825e+02 -1.016345148047848284e+03
4.674999999999999156e-01 -2.036695476257343103e+02 -1.038347588760688268e+03
4.725000000000002531e-01 -2.649802117269273936e+02 -1.060005590315551217e+03
4.775000000000000910e-01 -3.263861350685704679e+02 -1.081342233690168541e+03
4.824999999999998734e-01 -3.878765696336815836e+02 -1.102377930534503776e+03
4.875000000000001554e-01 -4.494474634746941888e+02 -1.123129498785971009e+03
4.924999999999999378e-01 -5.111000800254672640e+02 -1.143610462426210916e+03
4.975000000000003864e-01 -5.697902666123654853e+02 -1.157904066774037574e+03
