2.499999999999999618e-03 1.687058214683663100e+05 -1.049315974423450513e+02
7.499999999999998855e-03 6.489391911183623597e+04 1.879037502419068187e+04
1.250000000000000763e-02 5.902778672714902495e+04 2.514024774242203057e+04
1.749999999999999126e-02 5.699779005218185921e+04 2.653463753419688510e+04
2.250000000000000958e-02 5.281502537347059115e+04 2.530700381115546043e+04
2.750000000000000361e-02 4.716951989514374873e+04 2.283948209199774283e+04
3.249999999999999417e-02 4.128083530126818368e+04 2.005199629763947451e+04
3.750000000000001249e-02 3.600874128190108604e+04 1.748599926939807847e+04
4.250000000000000305e-02 3.177523948629330334e+04 1.539337782982782301e+04
4.749999999999998668e-02 2.860418295368435793e+04 1.380053514241556513e+04
5.249999999999998418e-02 2.631577218270826415e+04 1.262329522409324090e+04
5.749999999999996780e-02 2.461858324798083049e+04 1.172154872583491670e+04
6.250000000000001388e-02 2.320908602785354742e+04 1.095184107100926849e+04
6.750000000000000444e-02 2.183997842241368926e+04 1.020110541950299375e+04
7.249999999999999500e-02 2.036342665418978504e+04 9.405756119879570178e+03
7.749999999999999944e-02 1.874469689441589799e+04 8.555333417727753840e+03
8.249999999999996225e-02 1.704309948700431414e+04 7.680833142125805352e+03
8.750000000000004996e-02 1.536980943283739725e+04 6.833555510649732241e+03
9.249999999999998501e-02 1.384003875479519775e+04 6.063161340297175229e+03
9.750000000000000333e-02 1.253709609873075169e+04 5.402630670697103596e+03
1.024999999999999245e-01 1.149577952378614100e+04 4.862642931311342181e+03
1.074999999999999706e-01 1.070379114275760548e+04 4.433903126283540587e+03
1.125000000000000722e-01 1.011372176281563952e+04 4.093580884060721019e+03
1.174999999999999656e-01 9.658523481580465159e+03 3.812581668824297140e+03
1.225000000000000255e-01 9.267053492935692702e+03 3.562158884771607063e+03
1.274999999999999190e-01 8.878440170736334039e+03 3.319375974086576207e+03
1.325000000000000067e-01 8.453261795896312833e+03 3.070724082351358447e+03
1.375000000000000389e-01 7.978950710698397415e+03 2.813169892836548570e+03
1.424999999999999878e-01 7.467644995118144834e+03 2.552355552888354396e+03
1.474999999999999922e-01 6.947561353002422948e+03 2.298742757454507682e+03
1.524999999999999412e-01 6.451759269439320633e+03 2.063329509237385537e+03
1.575000000000000011e-01 6.008177957162680286e+03 1.854320115478718435e+03
1.625000000000000888e-01 5.633525003846757500e+03 1.675473783954165128e+03
1.675000000000000377e-01 5.331434343472484215e+03 1.526040087923399142e+03
1.724999999999999867e-01 5.094013338938475499e+03 1.401779580556335532e+03
1.774999999999999356e-01 4.905312184852330574e+03 1.296454860310751656e+03
1.824999999999999956e-01 4.746378395355952307e+03 1.203568734478674287e+03
1.875000000000001110e-01 4.598769420474176513e+03 1.117441379232993540e+03
1.925000000000000877e-01 4.447275038819553629e+03 1.033889284911147342e+03
1.974999999999999534e-01 4.282986141876940565e+03 9.508118726578146607e+02
2.024999999999999578e-01 4.105033952404865886e+03 8.682790240394762122e+02
2.075000000000000178e-01 3.918832196338320500e+03 7.877473827902439325e+02
2.125000000000001332e-01 3.732960895465404519e+03 7.110943118681135502e+02
2.174999999999998601e-01 3.556146837631912604e+03 6.398579122621247279e+02
2.224999999999999478e-01 3.394991014761914357e+03 5.748066468014579868e+02
2.274999999999999523e-01 3.252972296690452822e+03 5.158809745608118646e+02
2.325000000000000400e-01 3.130480877243874147e+03 4.623733931208769263e+02
2.375000000000000722e-01 3.025176561661886808e+03 4.131627667214101507e+02
2.424999999999998268e-01 2.932671436786244158e+03 3.669776750988295362e+02
2.474999999999999423e-01 2.847684804857179188e+03 3.226654833760943006e+02
2.525000000000000022e-01 2.765141155058741333e+03 2.793739631927157916e+02
2.575000000000000622e-01 2.681306925313820102e+03 2.366438175543301554e+02
2.625000000000000666e-01 2.594173743672143246e+03 1.943546039863254862e+02
2.674999999999998490e-01 2.503528881627490136e+03 1.526106299962764012e+02
2.725000000000000200e-01 2.410476476867885594e+03 1.115946736580314109e+02
2.775000000000000244e-01 2.317093905839030867e+03 7.145669320258372181e+01
2.825000000000000289e-01 2.225562998362253893e+03 3.222874559547482676e+01
2.875000000000000888e-01 2.137829412886103000e+03 -6.189232883979656208e+00
2.924999999999998712e-01 2.054896559708849509e+03 -4.399787318051567553e+01
2.974999999999999867e-01 1.976853048718881382e+03 -8.143209991968518580e+01
3.024999999999999911e-01 1.903008545974440949e+03 -1.186924370083663121e+02
3.074999999999999956e-01 1.832172458725738807e+03 -1.559041139447375315e+02
3.125000000000001110e-01 1.763041296558012164e+03 -1.931057204349228584e+02
3.174999999999998379e-01 1.694353330789673464e+03 -2.302540606636078451e+02
3.225000000000000644e-01 1.625192748107076341e+03 -2.672635266978567188e+02
3.275000000000000133e-01 1.554994464993860674e+03 -3.040338128190543330e+02
3.324999999999999623e-01 1.483649063815776799e+03 -3.404981652562706813e+02
3.375000000000001887e-01 1.411488364957016984e+03 -3.766613066657124591e+02
3.424999999999998601e-01 1.338962714931217306e+03 -4.125749739548434150e+02
3.475000000000001421e-01 1.266580272984654584e+03 -4.483389609180649131e+02
3.524999999999999800e-01 1.194764533358580366e+03 -4.840726762822902174e+02
3.574999999999999289e-01 1.123738606790210497e+03 -5.198794028445261119e+02
3.625000000000002109e-01 1.053586561295206138e+03 -5.558459213736852007e+02
3.674999999999998823e-01 9.841867302079248248e+02 -5.920071700807940260e+02
3.725000000000001643e-01 9.152201781978947110e+02 -6.283312053394315626e+02
3.775000000000000022e-01 8.463744972719201769e+02 -6.647659070715661755e+02
3.824999999999999512e-01 7.773578204495079262e+02 -7.012438262773102906e+02
3.875000000000002331e-01 7.079201725116402031e+02 -7.376912287295732540e+02
3.924999999999999045e-01 6.379290124761305378e+02 -7.740618913857313146e+02
3.975000000000002420e-01 5.673566828118216563e+02 -8.103428687116748961e+02
4.025000000000000244e-01 4.962305735514004823e+02 -8.465434948052202344e+02
4.074999999999998623e-01 4.246206724204683383e+02 -8.826959992761412650e+02
4.125000000000002554e-01 3.526432238249421403e+02 -9.188616555304041640e+02
4.174999999999998712e-01 2.803863308428133223e+02 -9.550989274475427919e+02
4.225000000000002087e-01 2.078832886320697355e+02 -9.914469999508079354e+02
4.275000000000000466e-01 1.351326575895140536e+02 -1.027931406714618561e+03
4.324999999999998845e-01 6.211702206393557191e+01 -1.064570191452850622e+03
4.375000000000002776e-01 -1.122096534770832754e+01 -1.101358165699027722e+03
4.424999999999998934e-01 -8.495448732739966147e+01 -1.138277123073218263e+03
4.475000000000002309e-01 -1.591514539918943854e+02 -1.175306746492323782e+03
4.525000000000000688e-01 -2.338672926010616777e+02 -1.212429451240178651e+03
4.574999999999998512e-01 -3.091489464694458320e+02 -1.249628999168957989e+03
4.625000000000002998e-01 -3.850328849324204725e+02 -1.286892751773788859e+03
4.674999999999999156e-01 -4.615371584535196803e+02 -1.324218431328857832e+03
4.725000000000002531e-01 -5.386504628329931847e+02 -1.361624020768751279e+03
4.775000000000000910e-01 -6.163565336047287246e+02 -1.399132523660460265e+03
4.824999999999998734e-01 -6.946454564267983187e+02 -1.436764305391813878e+03
4.875000000000001554e-01 -7.735138537648723513e+02 -1.474536185356420219e+03
4.924999999999999378e-01 -8.529635106540926017e+02 -1.512461738539988801e+03
4.975000000000003864e-01 -9.280848802706922243e+02 -1.542625544436790278e+03
