2.499999999999999618e-03 9.549857582031426136e+04 -5.121676017640250211e+04
7.499999999999998855e-03 5.642889749871778622e+04 1.287428585572846714e+04
1.250000000000000763e-02 5.734156255330063868e+04 2.396598065557446535e+04
1.749999999999999126e-02 5.663063501326602272e+04 2.628104805394327559e+04
2.250000000000000958e-02 5.277579318145861180e+04 2.527951072254015526e+04
2.750000000000000361e-02 4.720358850693620479e+04 2.286035405072892536e+04
3.249999999999999417e-02 4.131498382567519729e+04 2.007091808471793047e+04
3.750000000000001249e-02 3.602367258993416181e+04 1.749038382024370003e+04
4.250000000000000305e-02 3.176904868061194429e+04 1.538268526209604534e+04
4.749999999999998668e-02 2.858070590276837538e+04 1.377815090983578739e+04
5.249999999999998418e-02 2.628066441602841223e+04 1.259382937973317530e+04
5.749999999999996780e-02 2.457783998753187552e+04 1.168979630087367332e+04
6.250000000000001388e-02 2.316825942154892255e+04 1.092217993469418616e+04
6.750000000000000444e-02 2.180359426585007168e+04 1.017701318431827349e+04
7.249999999999999500e-02 2.033455778389696570e+04 9.389454394487525860e+03
7.749999999999999944e-02 1.872477699926673085e+04 8.547645654183625084e+03
8.249999999999996225e-02 1.703203228228935768e+04 7.681301110874308506e+03
8.750000000000004996e-02 1.536633975262352033e+04 6.840776859866730774e+03
9.249999999999998501e-02 1.384227202703421062e+04 6.075243029491498419e+03
9.750000000000000333e-02 1.254302075004823018e+04 5.417631294475088907e+03
1.024999999999999245e-01 1.150366932680617356e+04 4.878902352642448022e+03
1.074999999999999706e-01 1.071242157068862252e+04 4.450210380527018970e+03
1.125000000000000722e-01 1.012239826607669420e+04 4.109186085446564903e+03
1.174999999999999656e-01 9.666966151017624725e+03 3.827095002124741768e+03
1.225000000000000255e-01 9.275207519737352413e+03 3.575397071886851791e+03
1.274999999999999190e-01 8.886285054520245467e+03 3.331215264336152359e+03
1.325000000000000067e-01 8.460673048619439214e+03 3.081000005759540727e+03
1.375000000000000389e-01 7.985643247649739351e+03 2.821642001355396587e+03
1.424999999999999878e-01 7.473197520145587987e+03 2.558731539385963970e+03
1.474999999999999922e-01 6.951497193922634324e+03 2.302739450006011339e+03
1.524999999999999412e-01 6.453647551396054041e+03 2.064742190530888820e+03
1.575000000000000011e-01 6.007721182152558868e+03 1.853076103502269461e+03
1.625000000000000888e-01 5.630611097316047562e+03 1.671657030899062192e+03
1.675000000000000377e-01 5.326146596090328785e+03 1.519885360731030005e+03
1.724999999999999867e-01 5.086604599734077965e+03 1.393643469670073955e+03
1.774999999999999356e-01 4.896157029544331635e+03 1.286774768914484866e+03
1.824999999999999956e-01 4.735918551477735491e+03 1.192820635713318779e+03
1.875000000000001110e-01 4.587464727014028540e+03 1.106103951174747635e+03
1.925000000000000877e-01 4.435567038695627161e+03 1.022417972709949822e+03
1.974999999999999534e-01 4.271276645513777112e+03 9.396231417966637309e+02
2.024999999999999578e-01 4.093677012871229181e+03 8.577427796292445237e+02
2.075000000000000178e-01 3.908135072105832023e+03 7.781842885631288027e+02
2.125000000000001332e-01 3.723188546150178809e+03 7.027747902026959537e+02
2.174999999999998601e-01 3.547525586092834146e+03 6.330007294881105508e+02
2.224999999999999478e-01 3.387709089974759081e+03 5.695763820818879140e+02
2.274999999999999523e-01 3.247177055608613500e+03 5.123847074808377329e+02
2.325000000000000400e-01 3.126273805628544778e+03 4.606573989838634020e+02
2.375000000000000722e-01 3.022607490779004365e+03 4.132099082504024636e+02
2.424999999999998268e-01 2.931733172423776068e+03 3.687058780564810831e+02
2.474999999999999423e-01 2.848308830210724864e+03 3.259273476037805608e+02
2.525000000000000022e-01 2.767194615858536963e+03 2.839573624424209015e+02
2.575000000000000622e-01 2.684590788711729147e+03 2.422732625248731892e+02
2.625000000000000666e-01 2.598421886520046883e+03 2.006931780947405741e+02
2.674999999999998490e-01 2.508407898034409754e+03 1.592623953850308851e+02
2.725000000000000200e-01 2.415586130041214801e+03 1.181075239446023772e+02
2.775000000000000244e-01 2.321968269099796544e+03 7.732565957368639431e+01
2.825000000000000289e-01 2.229672365078103212e+03 3.689973375514443177e+01
2.875000000000000888e-01 2.140582987228729053e+03 -3.315366159361898379e+00
2.924999999999998712e-01 2.055645809549069781e+03 -4.356106340315101022e+01
2.974999999999999867e-01 1.974895467530061751e+03 -8.410883400152832223e+01
3.024999999999999911e-01 1.897591493607369330e+03 -1.251917160158831877e+02
3.074999999999999956e-01 1.822496742758279652e+03 -1.669637568736067124e+02
3.125000000000001110e-01 1.748264237874584296e+03 -2.094890700272032689e+02
3.174999999999998379e-01 1.673591199580523835e+03 -2.527470744716353295e+02
3.225000000000000644e-01 1.597522625324629416e+03 -2.966721796747633562e+02
3.275000000000000133e-01 1.519455726654582350e+03 -3.411817169860200920e+02
3.324999999999999623e-01 1.439244761207303100e+03 -3.862243268293526057e+02
3.375000000000001887e-01 1.357186766831284103e+03 -4.318179810347291436e+02
3.424999999999998601e-01 1.273699192733627115e+03 -4.780256241816833835e+02
3.475000000000001421e-01 1.189259585621207862e+03 -5.249563597653732359e+02
3.524999999999999800e-01 1.104263437791426668e+03 -5.727372064747409013e+02
3.574999999999999289e-01 1.018908618457140165e+03 -6.214776016652283488e+02
3.625000000000002109e-01 9.332566395950913147e+02 -6.712692896430221481e+02
3.674999999999998823e-01 8.471656759038050950e+02 -7.221512319386146146e+02
3.725000000000001643e-01 7.602985942553169707e+02 -7.740947756227413947e+02
3.775000000000000022e-01 6.723262590833770673e+02 -8.270505074592604160e+02
3.824999999999999512e-01 5.829410978683482654e+02 -8.809531922424160939e+02
3.875000000000002331e-01 4.918781221333184135e+02 -9.357308635525348564e+02
3.924999999999999045e-01 3.989903009637880587e+02 -9.913386465024893823e+02
3.975000000000002420e-01 3.042360002779787465e+02 -1.047764554249881712e+03
4.025000000000000244e-01 2.076292537112173875e+02 -1.105018539748885132e+03
4.074999999999998623e-01 1.092274788651316868e+02 -1.163133184199141397e+03
4.125000000000002554e-01 9.135301082179996257e+00 -1.222169937504108475e+03
4.174999999999998712e-01 -9.256973904520607732e+01 -1.282187363122884562e+03
4.225000000000002087e-01 -1.958638465005167575e+02 -1.343224752431618981e+03
4.275000000000000466e-01 -3.007569859565546722e+02 -1.405307805644073142e+03
4.324999999999998845e-01 -4.072742727256897979e+02 -1.468454815227925110e+03
4.375000000000002776e-01 -5.154801266067719325e+02 -1.532660912025307653e+03
4.424999999999998934e-01 -6.254543912966817061e+02 -1.597908223402000658e+03
4.475000000000002309e-01 -7.372713756813975579e+02 -1.664176748324186519e+03
4.525000000000000688e-01 -8.509927316514718996e+02 -1.731449177300504061e+03
4.574999999999998512e-01 -9.666715015096402794e+02 -1.799709447627168856e+03
4.625000000000002998e-01 -1.084350105319327668e+03 -1.868944998750504737e+03
4.674999999999999156e-01 -1.204052340607501037e+03 -1.939153556198496062e+03
4.725000000000002531e-01 -1.325772362864607658e+03 -2.010353066853667542e+03
4.775000000000000910e-01 -1.449499017975432480e+03 -2.082566502953805411e+03
4.824999999999998734e-01 -1.575227133155726051e+03 -2.155814232915928642e+03
4.875000000000001554e-01 -1.702957692890813405e+03 -2.230113137832775465e+03
4.924999999999999378e-01 -1.832696461935869820e+03 -2.305476915306533101e+03
4.975000000000003864e-01 -1.954195874576278811e+03 -2.369693593686430177e+03
