2.499999999999999618e-03 1.321582037356521760e+05 -2.600719240601255296e+04
7.499999999999998855e-03 6.063401733284463262e+04 1.578764897534212287e+04
1.250000000000000763e-02 5.816999442799847748e+04 2.454299205271324900e+04
1.749999999999999126e-02 5.680802552199636557e+04 2.640528558671490100e+04
2.250000000000000958e-02 5.279360921904471616e+04 2.529288334288284386e+04
2.750000000000000361e-02 4.718686181845507963e+04 2.285015970667344664e+04
3.249999999999999417e-02 4.129908687928479048e+04 2.006177555740086609e+04
3.750000000000001249e-02 3.601758573463876382e+04 1.748839652737941287e+04
4.250000000000000305e-02 3.177337692829887965e+04 1.538806789724841110e+04
4.749999999999998668e-02 2.859336927977340019e+04 1.378921120532904206e+04
5.249999999999998418e-02 2.629878199082597712e+04 1.260828568514355902e+04
5.749999999999996780e-02 2.459842502164507459e+04 1.170528270391905971e+04
6.250000000000001388e-02 2.318858341505528733e+04 1.093654041091978979e+04
6.750000000000000444e-02 2.182146105289007392e+04 1.018853982598840958e+04
7.249999999999999500e-02 2.034850489256954097e+04 9.397063753565518709e+03
7.749999999999999944e-02 1.873416021422294943e+04 8.550949235075784600e+03
8.249999999999996225e-02 1.703696490645101221e+04 7.680547079088259125e+03
8.750000000000004996e-02 1.536750291545002074e+04 6.836681509923875637e+03
9.249999999999998501e-02 1.384065275059643136e+04 6.068764472004311756e+03
9.750000000000000333e-02 1.253965048645975730e+04 5.409748748034805431e+03
1.024999999999999245e-01 1.149942427365211734e+04 4.870451750969519708e+03
1.074999999999999706e-01 1.070791726680464672e+04 4.441800764181200066e+03
1.125000000000000722e-01 1.011797880944260214e+04 4.101193898088058631e+03
1.174999999999999656e-01 9.662765052376598760e+03 3.819714769439155134e+03
1.225000000000000255e-01 9.271244882752105696e+03 3.568718310142470727e+03
1.274999999999999190e-01 8.882564257038349751e+03 3.325296145722293204e+03
1.325000000000000067e-01 8.457250071883112469e+03 3.075917697479893377e+03
1.375000000000000389e-01 7.982654317271318178e+03 2.817510582923092898e+03
1.424999999999999878e-01 7.470845819035294880e+03 2.555690294174649807e+03
1.474999999999999922e-01 6.950011367778519343e+03 2.300922750136144714e+03
1.524999999999999412e-01 6.453230444643082592e+03 2.064245202869928107e+03
1.575000000000000011e-01 6.008506006059140418e+03 1.853928298922189470e+03
1.625000000000000888e-01 5.632636046634745981e+03 1.673810080229857476e+03
1.675000000000000377e-01 5.329351061047781513e+03 1.523216121088891441e+03
1.724999999999999867e-01 5.090843522337839204e+03 1.397968451689128187e+03
1.774999999999999356e-01 4.901226221179616005e+03 1.291870546982682981e+03
1.824999999999999956e-01 4.741583052369842335e+03 1.198444858695264884e+03
1.875000000000001110e-01 4.593483901225032241e+03 1.112013197944414514e+03
1.925000000000000877e-01 4.441712832731499475e+03 1.028380710530969054e+03
1.974999999999999534e-01 4.277343947161825781e+03 9.454276641563966450e+02
2.024999999999999578e-01 4.099487067746902540e+03 8.632011224554757973e+02
2.075000000000000178e-01 3.913534364104208635e+03 7.831337285913275537e+02
2.125000000000001332e-01 3.728046040666659792e+03 7.070784967344844745e+02
2.174999999999998601e-01 3.551730634693295542e+03 6.365485806624159295e+02
2.224999999999999478e-01 3.391171181151546534e+03 5.722862697590073822e+02
2.274999999999999523e-01 3.249827476153417138e+03 5.142041546319343297e+02
2.325000000000000400e-01 3.128068564299517675e+03 4.615651067843437545e+02
2.375000000000000722e-01 3.023530661205275010e+03 4.132169160106894878e+02
2.424999999999998268e-01 2.931799939360691042e+03 3.678561777373419659e+02
2.474999999999999423e-01 2.847567831709049187e+03 3.242979591334180896e+02
2.525000000000000022e-01 2.765729451331354994e+03 2.816579644433541603e+02
2.575000000000000622e-01 2.682520770526173237e+03 2.394454978278509429e+02
2.625000000000000666e-01 2.595902215866597544e+03 1.975097208468797874e+02
2.674999999999998490e-01 2.505629444337721452e+03 1.559258115671266864e+02
2.725000000000000200e-01 2.412774922745490585e+03 1.148489121211949566e+02
2.775000000000000244e-01 2.319384730504509662e+03 7.440304523040131812e+01
2.825000000000000289e-01 2.227610265940907539e+03 3.459621273881690939e+01
2.875000000000000888e-01 2.139368111866304389e+03 -4.693694712374687050e+00
2.924999999999998712e-01 2.055634359974172639e+03 -4.368728939954763746e+01
2.974999999999999867e-01 1.976472292439134662e+03 -8.263744269494010553e+01
3.024999999999999911e-01 1.901168265982865705e+03 -1.217606967415447912e+02
3.074999999999999956e-01 1.828510222835743662e+03 -1.611965282695880433e+02
3.125000000000001110e-01 1.757174732451627278e+03 -2.009961784823459823e+02
3.174999999999998379e-01 1.685881274460277837e+03 -2.411276686737722059e+02
3.225000000000000644e-01 1.613696058356191088e+03 -2.815153007374981939e+02
3.275000000000000133e-01 1.540036626536307267e+03 -3.220674604704259991e+02
3.324999999999999623e-01 1.464776741314500214e+03 -3.627249291468123147e+02
3.375000000000001887e-01 1.388232061746298541e+03 -4.034988624317090284e+02
3.424999999999998601e-01 1.310837638840273939e+03 -4.444463947403788211e+02
3.475000000000001421e-01 1.233087439963195493e+03 -4.856717731227846571e+02
3.524999999999999800e-01 1.155392065465644919e+03 -5.272980331483881855e+02
3.574999999999999289e-01 1.077963123969851495e+03 -5.694313935712491457e+02
3.625000000000002109e-01 1.000874539853403917e+03 -6.121610176286324077e+02
3.674999999999998823e-01 9.239957083150954986e+02 -6.555237944531058929e+02
3.725000000000001643e-01 8.469997259068982203e+02 -6.994893934320824656e+02
3.775000000000000022e-01 7.695669214755558869e+02 -7.440070303051430756e+02
3.824999999999999512e-01 6.913986282529892833e+02 -7.890103461599435377e+02
3.875000000000002331e-01 6.122383584024350967e+02 -8.344264636240635582e+02
3.924999999999999045e-01 5.319472579156912388e+02 -8.802097905884130569e+02
3.975000000000002420e-01 4.504915554941864571e+02 -9.263478014844793051e+02
4.025000000000000244e-01 3.678927902087805251e+02 -9.728500689179279561e+02
4.074999999999998623e-01 2.842154573490267353e+02 -1.019748923554432736e+03
4.125000000000002554e-01 1.995707621677888426e+02 -1.067105657135699403e+03
4.174999999999998712e-01 1.140422838900558702e+02 -1.114978725436204286e+03
4.225000000000002087e-01 2.765931677148445544e+01 -1.163407324832730637e+03
4.275000000000000466e-01 -5.958309991195329758e+01 -1.212417047220842051e+03
4.324999999999998845e-01 -1.477055010780850637e+02 -1.262026050050262029e+03
4.375000000000002776e-01 -2.367680563782051024e+02 -1.312229303318650864e+03
4.424999999999998934e-01 -3.268465867366879252e+02 -1.363008769378989200e+03
4.475000000000002309e-01 -4.180115357839614489e+02 -1.414344289331725804e+03
4.525000000000000688e-01 -5.103208073838479777e+02 -1.466218411217568018e+03
4.574999999999998512e-01 -6.038237877349674818e+02 -1.518614972478918389e+03
4.625000000000002998e-01 -6.985593409872931261e+02 -1.571521355216820893e+03
4.674999999999999156e-01 -7.945478334212724576e+02 -1.624935260988978598e+03
4.725000000000002531e-01 -8.917801516917575100e+02 -1.678874631789651403e+03
4.775000000000000910e-01 -9.902420622286264233e+02 -1.733362435319764472e+03
4.824999999999998734e-01 -1.089925509009352027e+03 -1.788419022921811802e+03
4.875000000000001554e-01 -1.190828793222692639e+03 -1.844061235392550998e+03
4.924999999999999378e-01 -1.292955200260426636e+03 -1.900302705926555973e+03
4.975000000000003864e-01 -1.388996918697550427e+03 -1.947126652408559721e+03
