2.499999999999999618e-03 3.132731818796572043e+05 1.098068007629484200e+05
7.499999999999998855e-03 8.239983814162624185e+04 3.162409964374019546e+04
1.250000000000000763e-02 6.272686939539260493e+04 2.771818609048785220e+04
1.749999999999999126e-02 5.786983120103809051e+04 2.710052959565463243e+04
2.250000000000000958e-02 5.293166574197334558e+04 2.537080649713927414e+04
2.750000000000000361e-02 4.709158682549658988e+04 2.279214923033492960e+04
3.249999999999999417e-02 4.118316052793824929e+04 2.000648944638862304e+04
3.750000000000001249e-02 3.594531260543516692e+04 1.747191546924715658e+04
4.250000000000000305e-02 3.175786103351510974e+04 1.541313354970180626e+04
4.749999999999998668e-02 2.862887578185825623e+04 1.384740662151061770e+04
5.249999999999998418e-02 2.637238460948698048e+04 1.268756993855159089e+04
5.749999999999996780e-02 2.469479286463146127e+04 1.179294378177622275e+04
6.250000000000001388e-02 2.329260328160517020e+04 1.102086912191175543e+04
6.750000000000000444e-02 2.192012403448827899e+04 1.026011954777743267e+04
7.249999999999999500e-02 2.043226545192888443e+04 9.449698450383673844e+03
7.749999999999999944e-02 1.879761124016570466e+04 8.582034272139077075e+03
8.249999999999996225e-02 1.707871619748143712e+04 7.690780314110177642e+03
8.750000000000004996e-02 1.538935553852352859e+04 6.829214086337235130e+03
9.249999999999998501e-02 1.384635422056175412e+04 6.048057918308515582e+03
9.750000000000000333e-02 1.253359454167546392e+04 5.380458494536636863e+03
1.024999999999999245e-01 1.148560727755550579e+04 4.836593019605476002e+03
1.074999999999999706e-01 1.068932763565549976e+04 4.406320692637114007e+03
1.125000000000000722e-01 1.009644215522779086e+04 4.065935936493232930e+03
1.174999999999999656e-01 9.639152702568368113e+03 3.785667168238809609e+03
1.225000000000000255e-01 9.245887334989402007e+03 3.536394689948949235e+03
1.274999999999999190e-01 8.855695918640156378e+03 3.295099247737233782e+03
1.325000000000000067e-01 8.429350389033930696e+03 3.048384808421754769e+03
1.375000000000000389e-01 7.954605822730882210e+03 2.793394655422259348e+03
1.424999999999999878e-01 7.443900481647906417e+03 2.535891018997996071e+03
1.474999999999999922e-01 6.925615385823188262e+03 2.286324644423825703e+03
1.524999999999999412e-01 6.432788216832836952e+03 2.055535276170795896e+03
1.575000000000000011e-01 5.993162211812016722e+03 1.851454703796977583e+03
1.625000000000000888e-01 5.623129511991029176e+03 1.677515809755183000e+03
1.675000000000000377e-01 5.325960316966448772e+03 1.532651711812594158e+03
1.724999999999999867e-01 5.093414987561126509e+03 1.412365231987413836e+03
1.774999999999999356e-01 4.909258727299893508e+03 1.310245595406499660e+03
1.824999999999999956e-01 4.754337472171351692e+03 1.219709423971769638e+03
1.875000000000001110e-01 4.610091372430818410e+03 1.135064326730810080e+03
1.925000000000000877e-01 4.461264400161324374e+03 1.052166391779783908e+03
1.974999999999999534e-01 4.298953133575688298e+03 9.689846161739191075e+02
2.024999999999999578e-01 4.122324829317940384e+03 8.856706262807679195e+02
2.075000000000000178e-01 3.936842634602026010e+03 8.037644090195075250e+02
2.125000000000001332e-01 3.751139212191802926e+03 7.252250503524887790e+02
2.174999999999998601e-01 3.573993007254275653e+03 6.516726095244863473e+02
2.224999999999999478e-01 3.412055048816805538e+03 5.839616439700505452e+02
2.274999999999999523e-01 3.268853263274706933e+03 5.221262798978129922e+02
2.325000000000000400e-01 3.144826720084869521e+03 4.655618321178196197e+02
2.375000000000000722e-01 3.037684835558033683e+03 4.132586730255563907e+02
2.424999999999998268e-01 2.943091390317343667e+03 3.640634952776542832e+02
2.474999999999999423e-01 2.855821327146536987e+03 3.169454254564522557e+02
2.525000000000000022e-01 2.770860789730383203e+03 2.711744712835874225e+02
2.575000000000000622e-01 2.684545607316355017e+03 2.264111658246632715e+02
2.625000000000000666e-01 2.594945342046786664e+03 1.826501933008299261e+02
2.674999999999998490e-01 2.501933187449347315e+03 1.401046587272367105e+02
2.725000000000000200e-01 2.406705074282076566e+03 9.905882788223834723e+01
2.775000000000000244e-01 2.311432609504374796e+03 5.975640340707846576e+01
2.825000000000000289e-01 2.218390179678457571e+03 2.231543245101377337e+01
2.875000000000000888e-01 2.129610366766197785e+03 -1.328561542463902967e+01
2.924999999999998712e-01 2.046174864587596630e+03 -4.717581011667824242e+01
2.974999999999999867e-01 1.968240404058560216e+03 -7.952493199960038339e+01
3.024999999999999911e-01 1.895174738840579494e+03 -1.104742685190657170e+02
3.074999999999999956e-01 1.825836913581810904e+03 -1.400953508555106453e+02
3.125000000000001110e-01 1.758967133654401096e+03 -1.683784227872929762e+02
3.174999999999998379e-01 1.693344163462630149e+03 -1.952372753569131874e+02
3.225000000000000644e-01 1.628091749363444706e+03 -2.205486852506314222e+02
3.275000000000000133e-01 1.562684735961001479e+03 -2.441801647915957290e+02
3.324999999999999623e-01 1.497054138941313795e+03 -2.660381022868880336e+02
3.375000000000001887e-01 1.431571824555242301e+03 -2.861053587903745665e+02
3.424999999999998601e-01 1.366726257687339512e+03 -3.044162444376373173e+02
3.475000000000001421e-01 1.303060076597308807e+03 -3.210568065641206204e+02
3.524999999999999800e-01 1.241026208752894945e+03 -3.361355420730931201e+02
3.574999999999999289e-01 1.180871399690118778e+03 -3.497468473908928672e+02
3.625000000000002109e-01 1.122697603629229889e+03 -3.619699887868566179e+02
3.674999999999998823e-01 1.066396082080171027e+03 -3.728333433794246048e+02
3.725000000000001643e-01 1.011657155842160023e+03 -3.822991885724116514e+02
3.775000000000000022e-01 9.581754563212502944e+02 -3.903104381271991201e+02
3.824999999999999512e-01 9.056652553427391013e+02 -3.967956426646719024e+02
3.875000000000002331e-01 8.538827472380445442e+02 -4.016782041158683114e+02
3.924999999999999045e-01 8.027020036392500515e+02 -4.049102600723533669e+02
3.975000000000002420e-01 7.521023312506032426e+02 -4.064783931828771983e+02
4.025000000000000244e-01 7.021179785500426078e+02 -4.063924213802433201e+02
4.074999999999998623e-01 6.528250498355981790e+02 -4.046856833678500607e+02
4.125000000000002554e-01 6.043445379114820071e+02 -4.014207951352769328e+02
4.174999999999998712e-01 5.567674928446558624e+02 -3.966574277251928606e+02
4.225000000000002087e-01 5.101282294199940566e+02 -3.904355717798051160e+02
4.275000000000000466e-01 4.644245636372392028e+02 -3.827810444082811614e+02
4.324999999999998845e-01 4.196369450449114993e+02 -3.737116618621855082e+02
4.375000000000002776e-01 3.757050356660589614e+02 -3.632216396296092285e+02
4.424999999999998934e-01 3.325523599267576174e+02 -3.512920725922656402e+02
4.475000000000002309e-01 2.901078237990829507e+02 -3.379020205722957257e+02
4.525000000000000688e-01 2.483131916775290620e+02 -3.230334772020523815e+02
4.574999999999998512e-01 2.071191590630415078e+02 -3.066701563498594396e+02
4.625000000000002998e-01 1.664872243826569900e+02 -2.887997157331872131e+02
4.674999999999999156e-01 1.263974456496848404e+02 -2.694204181462894780e+02
4.725000000000002531e-01 8.685911019033834179e+01 -2.485508789087033676e+02
4.775000000000000910e-01 4.788611999601930336e+01 -2.262146589959450296e+02
4.824999999999998734e-01 9.485573039818271823e+00 -2.024325007003065764e+02
4.875000000000001554e-01 -2.834248443246339377e+01 -1.772213358826010676e+02
4.924999999999999378e-01 -6.560362652950865936e+01 -1.505945774132915176e+02
4.975000000000003864e-01 -1.016986235380981043e+02 -1.220173277779722270e+02
