2.499999999999999618e-03 2.413878229239690991e+05 5.363775314038006036e+04
7.499999999999998855e-03 7.356482353592275467e+04 2.504788226410384232e+04
1.250000000000000763e-02 6.082699837390473112e+04 2.639236909212414321e+04
1.749999999999999126e-02 5.741242509593839350e+04 2.680804322415127535e+04
2.250000000000000958e-02 5.286760801463393000e+04 2.533743536932489951e+04
2.750000000000000361e-02 4.713239326194798923e+04 2.281672410050917097e+04
3.249999999999999417e-02 4.123690073240948550e+04 2.003053383548413331e+04
3.750000000000001249e-02 3.598252990584606596e+04 1.747990507568217072e+04
4.250000000000000305e-02 3.177137437894277537e+04 1.540363356553053745e+04
4.749999999999998668e-02 2.862008870999535065e+04 1.382376289437858941e+04
5.249999999999998418e-02 2.634619674554168523e+04 1.265471199665258428e+04
5.749999999999996780e-02 2.465743075835093259e+04 1.175612040912198245e+04
6.250000000000001388e-02 2.325041515970302862e+04 1.098493884188908123e+04
6.750000000000000444e-02 2.187872421012591076e+04 1.022901510329804660e+04
7.249999999999999500e-02 2.039592156322381925e+04 9.426046222813847635e+03
7.749999999999999944e-02 1.876892458385251302e+04 8.567002105910822138e+03
8.249999999999996225e-02 1.705863440443292711e+04 7.684192384022879196e+03
8.750000000000004996e-02 1.537747859172787139e+04 6.829891718340260013e+03
9.249999999999998501e-02 1.384141962829398290e+04 6.054278867740075839e+03
9.750000000000000333e-02 1.253399615454528794e+04 5.390406001040310002e+03
1.024999999999999245e-01 1.148982186271956743e+04 4.848691773677966012e+03
1.074999999999999706e-01 1.069617588567351777e+04 4.419409863593350565e+03
1.125000000000000722e-01 1.010517086967086652e+04 4.079284756103465497e+03
1.174999999999999656e-01 9.649370565313925908e+03 3.798876454509527775e+03
1.225000000000000255e-01 9.257414047382128047e+03 3.549245361417771619e+03
1.274999999999999190e-01 8.868392055989745131e+03 3.307407694508759505e+03
1.325000000000000067e-01 8.442982066330710950e+03 3.059905939107375161e+03
1.375000000000000389e-01 7.968777517447885657e+03 2.803791110663445579e+03
1.424999999999999878e-01 7.458061944806881002e+03 2.544762792843550869e+03
1.474999999999999922e-01 6.939125277393098258e+03 2.293276093337914972e+03
1.524999999999999412e-01 6.445004463554221729e+03 2.060250205736290809e+03
1.575000000000000011e-01 6.003528930560947629e+03 1.853754670665473441e+03
1.625000000000000888e-01 5.631239309467913699e+03 1.677387784449331093e+03
1.675000000000000377e-01 5.331583168690134698e+03 1.530243430571774979e+03
1.724999999999999867e-01 5.096495685968443468e+03 1.407955703919737061e+03
1.774999999999999356e-01 4.909891485452762026e+03 1.304202528050015644e+03
1.824999999999999956e-01 4.752728507086720128e+03 1.212445173543853798e+03
1.875000000000001110e-01 4.606519066487005148e+03 1.126998769559206949e+03
1.925000000000000877e-01 4.456043774901895631e+03 1.043700789494116634e+03
1.974999999999999534e-01 4.292408666403099232e+03 9.604868754957154806e+02
2.024999999999999578e-01 4.114772897018699950e+03 8.774697100599280475e+02
2.075000000000000178e-01 3.928582267472319472e+03 7.961501614046379700e+02
2.125000000000001332e-01 3.742448448940986964e+03 7.184496076451890758e+02
2.174999999999998601e-01 3.565128330005429689e+03 6.459507125920493991e+02
2.224999999999999478e-01 3.403252282211778493e+03 5.794687223116944779e+02
2.274999999999999523e-01 3.260329154125268360e+03 5.189945055650140375e+02
2.325000000000000400e-01 3.136780724286982149e+03 4.638751195443386450e+02
2.375000000000000722e-01 3.030300555467647428e+03 4.130477529970437445e+02
2.424999999999998268e-01 2.936536976505569783e+03 3.653020185174264043e+02
2.474999999999999423e-01 2.850248279498185639e+03 3.195476586842345910e+02
2.525000000000000022e-01 2.766400953000193113e+03 2.749947797347815026e+02
2.575000000000000622e-01 2.681306626856628100e+03 2.312451619017850248e+02
2.625000000000000666e-01 2.593005272444671391e+03 1.882372259658590679e+02
2.674999999999998490e-01 2.501335231292223398e+03 1.461312301125894635e+02
2.725000000000000200e-01 2.407453517435151298e+03 1.051625148044013827e+02
2.775000000000000244e-01 2.313490815728828693e+03 6.552991682556621811e+01
2.825000000000000289e-01 2.221681069758286867e+03 2.731054065668917730e+01
2.875000000000000888e-01 2.134019277000337752e+03 -9.554474986780004286e+00
2.924999999999998712e-01 2.051554189082397897e+03 -4.522830211632411590e+01
2.974999999999999867e-01 1.974415115689359709e+03 -7.991195948772616475e+01
3.024999999999999911e-01 1.901947797879511654e+03 -1.137753806118551836e+02
3.074999999999999956e-01 1.832993707324633306e+03 -1.469162831400492450e+02
3.125000000000001110e-01 1.766278415577633496e+03 -1.793486275162357231e+02
3.174999999999998379e-01 1.700567376303737774e+03 -2.110073362675606745e+02
3.225000000000000644e-01 1.634971026860991287e+03 -2.417875851976159822e+02
3.275000000000000133e-01 1.568950162405524907e+03 -2.715724572219024822e+02
3.324999999999999623e-01 1.502420952260466720e+03 -3.002811097967286855e+02
3.375000000000001887e-01 1.435740160508249573e+03 -3.279065575218538697e+02
3.424999999999998601e-01 1.369381806411188336e+03 -3.544909882762059965e+02
3.475000000000001421e-01 1.303875747216953187e+03 -3.801265064869592720e+02
3.524999999999999800e-01 1.239664623003671068e+03 -4.049263431891528171e+02
3.574999999999999289e-01 1.176987837361297125e+03 -4.289887639761770970e+02
3.625000000000002109e-01 1.115942939765104484e+03 -4.523963869000240265e+02
3.674999999999998823e-01 1.056419293166861280e+03 -4.751806188399290249e+02
3.725000000000001643e-01 9.981071141955642361e+02 -4.973064899181566147e+02
3.775000000000000022e-01 9.407019178041987288e+02 -5.187193195150573501e+02
3.824999999999999512e-01 8.839191190557899063e+02 -5.393495845106261868e+02
3.875000000000002331e-01 8.275158042371360807e+02 -5.591220042017960168e+02
3.924999999999999045e-01 7.713664670937341725e+02 -5.779893572404079123e+02
3.975000000000002420e-01 7.154504308789497600e+02 -5.959382189109165893e+02
4.025000000000000244e-01 6.598018244070538003e+02 -6.129778760714846157e+02
4.074999999999998623e-01 6.044968647824262007e+02 -6.291408087066732833e+02
4.125000000000002554e-01 5.496572526918182575e+02 -6.444886768912981552e+02
4.174999999999998712e-01 4.953755948128739988e+02 -6.590803117671140399e+02
4.225000000000002087e-01 4.416886933167019720e+02 -6.729551295023475177e+02
4.275000000000000466e-01 3.885977025643836100e+02 -6.861387009762127036e+02
4.324999999999998845e-01 3.360870622489334210e+02 -6.986489094826249584e+02
4.375000000000002776e-01 2.841007859497690902e+02 -7.104802598307369408e+02
4.424999999999998934e-01 2.325668140530924859e+02 -7.216141999433269802e+02
4.475000000000002309e-01 1.814183084081767561e+02 -7.320300982195644792e+02
4.525000000000000688e-01 1.306009808501573843e+02 -7.417101362448577220e+02
4.574999999999998512e-01 8.006913431959638672e+01 -7.506380000492705449e+02
4.625000000000002998e-01 2.978760595316576598e+01 -7.588011225949262553e+02
4.674999999999999156e-01 -2.026036923551476221e+01 -7.661974040081955764e+02
4.725000000000002531e-01 -7.006233915522697941e+01 -7.728450488509274692e+02
4.775000000000000910e-01 -1.196011231057881332e+02 -7.787672557994670797e+02
4.824999999999998734e-01 -1.688661647501235450e+02 -7.839845137749808828e+02
4.875000000000001554e-01 -2.178537427207541839e+02 -7.885136580448219092e+02
4.924999999999999378e-01 -2.665655782585544671e+02 -7.923681676832255789e+02
4.975000000000003864e-01 -3.132942597053799432e+02 -7.915346423345899893e+02
