2.499999999999999618e-03 1.869499494603385101e+05 1.311706383521637326e+04
7.499999999999998855e-03 6.704578306767799950e+04 2.032686595272973500e+04
1.250000000000000763e-02 5.946791837066700828e+04 2.544690423399397696e+04
1.749999999999999126e-02 5.709731617431491031e+04 2.660137376299615426e+04
2.250000000000000958e-02 5.282703316744961921e+04 2.531438133748995824e+04
2.750000000000000361e-02 4.716055745576983463e+04 2.283395418894962495e+04
3.249999999999999417e-02 4.127076798438769765e+04 2.004683962500486086e+04
3.750000000000001249e-02 3.600323192894984822e+04 1.748460937585523061e+04
4.250000000000000305e-02 3.177519878552101363e+04 1.539596431856936033e+04
4.749999999999998668e-02 2.860885363121327100e+04 1.380625402914106417e+04
5.249999999999998418e-02 2.632380569702964931e+04 1.263096639345269250e+04
5.749999999999996780e-02 2.462846610714696726e+04 1.172993481170614905e+04
6.250000000000001388e-02 2.321936975271069605e+04 1.095980695514992476e+04
6.750000000000000444e-02 2.184944732178920094e+04 1.020774332253677676e+04
7.249999999999999500e-02 2.037121940314085077e+04 9.410476546694220815e+03
7.749999999999999944e-02 1.875036373269938849e+04 8.557901481071347007e+03
8.249999999999996225e-02 1.704658259851359617e+04 7.681339544803576246e+03
8.750000000000004996e-02 1.537135533872481756e+04 6.832331866967324459e+03
9.249999999999998501e-02 1.384007117597649631e+04 6.060666325867578962e+03
9.750000000000000333e-02 1.253608566758325469e+04 5.399338882619671494e+03
1.024999999999999245e-01 1.149414132544125277e+04 4.858961955501123157e+03
1.074999999999999706e-01 1.070182715122545596e+04 4.430131135298783192e+03
1.125000000000000722e-01 1.011160956908090702e+04 4.089903350872840747e+03
1.174999999999999656e-01 9.656341139957779887e+03 3.809096401915848219e+03
1.225000000000000255e-01 9.264823888132210413e+03 3.558914235114180883e+03
1.274999999999999190e-01 8.876177104701617282e+03 3.316407387546858445e+03
1.325000000000000067e-01 8.451004331581791121e+03 3.068078892047430600e+03
1.375000000000000389e-01 7.976778150481909506e+03 2.810915774138406050e+03
1.424999999999999878e-01 7.465672149808127870e+03 2.550574054948264347e+03
1.474999999999999922e-01 6.945919676625543616e+03 2.297513577108515165e+03
1.524999999999999412e-01 6.450572410594155372e+03 2.062712703993316609e+03
1.575000000000000011e-01 6.007539915034122714e+03 1.854342333782730975e+03
1.625000000000000888e-01 5.633486315113556884e+03 1.676121871130500722e+03
1.675000000000000377e-01 5.331998116948148891e+03 1.527262445197993657e+03
1.724999999999999867e-01 5.095139890041846229e+03 1.403493448267142639e+03
1.774999999999999356e-01 4.906929240316884716e+03 1.298556689436214356e+03
1.824999999999999956e-01 4.748393396034010038e+03 1.205944885578278445e+03
1.875000000000001110e-01 4.601081062128670055e+03 1.119977184836943479e+03
1.925000000000000877e-01 4.449782304763461980e+03 1.036475547089324891e+03
1.974999999999999534e-01 4.285594110689928129e+03 9.533487190452217419e+02
2.024999999999999578e-01 4.107656548465224660e+03 8.706776456070313088e+02
2.075000000000000178e-01 3.921392746365116182e+03 7.899305066957912231e+02
2.125000000000001332e-01 3.735391640291076328e+03 7.129962616704951870e+02
2.174999999999998601e-01 3.558388346645754609e+03 6.414248253791191701e+02
2.224999999999999478e-01 3.396992022107554021e+03 5.759970580756981917e+02
2.274999999999999523e-01 3.254690055113293965e+03 5.166666928296513106e+02
2.325000000000000400e-01 3.131881877503693431e+03 4.627404589164196977e+02
2.375000000000000722e-01 3.026237414041937427e+03 4.131122845725944899e+02
2.424999999999998268e-01 2.933379762657985339e+03 3.665263791775494724e+02
2.474999999999999423e-01 2.848040068739068374e+03 3.218459836524153843e+02
2.525000000000000022e-01 2.765155417360439969e+03 2.782346821369951613e+02
2.575000000000000622e-01 2.681005513651512047e+03 2.352486655544367693e+02
2.625000000000000666e-01 2.593595830634471440e+03 1.927824516312514334e+02
2.674999999999998490e-01 2.502727928759130918e+03 1.509546271441613783e+02
2.725000000000000200e-01 2.409520474448498135e+03 1.099614523157574837e+02
2.775000000000000244e-01 2.316065333332931004e+03 6.996548174663290354e+01
2.825000000000000289e-01 2.224558458615884319e+03 3.101041961894330612e+01
2.875000000000000888e-01 2.136958946240530622e+03 -6.993133739051155651e+00
2.924999999999998712e-01 2.054282704954536712e+03 -4.423612938674325790e+01
2.974999999999999867e-01 1.976629765112194264e+03 -8.094476498097233730e+01
3.024999999999999911e-01 1.903320130479789441e+03 -1.173117341486273801e+02
3.074999999999999956e-01 1.833172583554784524e+03 -1.534552637947897153e+02
3.125000000000001110e-01 1.764892252585818142e+03 -1.894077003977543825e+02
3.174999999999998379e-01 1.697225505440341522e+03 -2.251203070623976714e+02
3.225000000000000644e-01 1.629264305222694475e+03 -2.605025948640725346e+02
3.275000000000000133e-01 1.560451147514152126e+03 -2.954500073688983548e+02
3.324999999999999623e-01 1.490684018763881340e+03 -3.298921446127760646e+02
3.375000000000001887e-01 1.420301898312960475e+03 -3.638306562321338902e+02
3.424999999999998601e-01 1.349761916271552082e+03 -3.973147349380316768e+02
3.475000000000001421e-01 1.279578492699259868e+03 -4.304420989140871825e+02
3.524999999999999800e-01 1.210180739101669360e+03 -4.633304768996526377e+02
3.574999999999999289e-01 1.141796678884190214e+03 -4.960817895431279112e+02
3.625000000000002109e-01 1.074514601659964910e+03 -5.287817007006851782e+02
3.674999999999998823e-01 1.008216454479313938e+03 -5.614642185298961294e+02
3.725000000000001643e-01 9.425864384919603935e+02 -5.940966170091670620e+02
3.775000000000000022e-01 8.773149522963203708e+02 -6.266261212214471925e+02
3.824999999999999512e-01 8.121127395263848712e+02 -6.589847496037308474e+02
3.875000000000002331e-01 7.467323361980363643e+02 -6.910983596677489231e+02
3.924999999999999045e-01 6.810436593000569019e+02 -7.229204451471879338e+02
3.975000000000002420e-01 6.150214526970905808e+02 -7.544378949504737193e+02
4.025000000000000244e-01 5.486954118492791395e+02 -7.856599770068124826e+02
4.074999999999998623e-01 4.821376765872360579e+02 -8.166189263520357144e+02
4.125000000000002554e-01 4.154664334491265549e+02 -8.473760595631395063e+02
4.174999999999998712e-01 3.487714797210735469e+02 -8.779898879016409410e+02
4.225000000000002087e-01 2.820875494450667702e+02 -9.084996218059841340e+02
4.275000000000000466e-01 2.154144078130379114e+02 -9.389307845424129937e+02
4.324999999999998845e-01 1.487356511660682372e+02 -9.693013708572207179e+02
4.375000000000002776e-01 8.199480803242319382e+01 -9.996061138674172071e+02
4.424999999999998934e-01 1.511949591015717864e+01 -1.029826721357690303e+03
4.475000000000002309e-01 -5.195742771730849796e+01 -1.059942796963109004e+03
4.525000000000000688e-01 -1.192906283554740696e+02 -1.089936693162728716e+03
4.574999999999998512e-01 -1.869262826085063978e+02 -1.119792143047224044e+03
4.625000000000002998e-01 -2.549000976000865251e+02 -1.149496511523359686e+03
4.674999999999999156e-01 -3.232293839638902000e+02 -1.179047547920899888e+03
4.725000000000002531e-01 -3.919021461168618998e+02 -1.208463272772492928e+03
4.775000000000000910e-01 -4.609014971637375879e+02 -1.237766722673687582e+03
4.824999999999998734e-01 -5.302169777642221788e+02 -1.266978281651431416e+03
4.875000000000001554e-01 -5.998447475614259474e+02 -1.296114765431070282e+03
4.924999999999999378e-01 -6.697862083716897814e+02 -1.325189722169157676e+03
4.975000000000003864e-01 -7.361310138340717231e+02 -1.347302438334413182e+03
