2.499999999999999618e-03 1.504494446051076229e+05 -1.320870828101008010e+04
7.499999999999998855e-03 6.275761426374333678e+04 1.726956991815816218e+04
1.250000000000000763e-02 5.859535928307950962e+04 2.483723299793300612e+04
1.749999999999999126e-02 5.690141422938477626e+04 2.646883809414903590e+04
2.250000000000000958e-02 5.280389115063202189e+04 2.529976389708867282e+04
2.750000000000000361e-02 4.717827988188676682e+04 2.284491697461106378e+04
3.249999999999999417e-02 4.129026259587183449e+04 2.005702946453962795e+04
3.750000000000001249e-02 3.601351343114823248e+04 1.748730752898414357e+04
4.250000000000000305e-02 3.177462110657284938e+04 1.539077323063634321e+04
4.749999999999998668e-02 2.859901218111204071e+04 1.379486177516357930e+04
5.249999999999998418e-02 2.630742336824153972e+04 1.261572415198504495e+04
5.749999999999996780e-02 2.460856351066415300e+04 1.171330481933866940e+04
6.250000000000001388e-02 2.319881914481210333e+04 1.094404629636002392e+04
6.750000000000000444e-02 2.183064589622283893e+04 1.019465514030855593e+04
7.249999999999999500e-02 2.035585212796788983e+04 9.401228828103321575e+03
7.749999999999999944e-02 1.873929321963673647e+04 8.552954690939304783e+03
8.249999999999996225e-02 1.703989141148916315e+04 7.680504710024928499e+03
8.750000000000004996e-02 1.536852326929313494e+04 6.834939843654711694e+03
9.249999999999998501e-02 1.384023060501848340e+04 6.065795334149250266e+03
9.750000000000000333e-02 1.253828226125223227e+04 5.406036594090893232e+03
1.024999999999999245e-01 1.149753819842066332e+04 4.866411178063960506e+03
1.074999999999999706e-01 1.070581859954486936e+04 4.437734473280297607e+03
1.125000000000000722e-01 1.011584192857223206e+04 4.097289676712680375e+03
1.174999999999999656e-01 9.660661494713376669e+03 3.816070719237643061e+03
1.225000000000000255e-01 9.269190126004419653e+03 3.565381211561275904e+03
1.274999999999999190e-01 8.880565096401187475e+03 3.322298184913667228e+03
1.325000000000000067e-01 8.455339148684877728e+03 3.073301486720248249e+03
1.375000000000000389e-01 7.980904437008529385e+03 2.815337914323762107e+03
1.424999999999999878e-01 7.469364128575990435e+03 2.554036031712613294e+03
1.474999999999999922e-01 6.948919415606615985e+03 2.299859493861621104e+03
1.524999999999999412e-01 6.452639056763267945e+03 2.063825874842077155e+03
1.575000000000000011e-01 6.008493401549910232e+03 1.854172679427935236e+03
1.625000000000000888e-01 5.633234665925039735e+03 1.674698614705648424e+03
1.675000000000000377e-01 5.330544784671735215e+03 1.524691360651763489e+03
1.724999999999999867e-01 5.092573759355433140e+03 1.399942312279011730e+03
1.774999999999999356e-01 4.903403516584133286e+03 1.294234589565802253e+03
1.824999999999999956e-01 4.744100462736463669e+03 1.201080880917222657e+03
1.875000000000001110e-01 4.596229111038384872e+03 1.114802222541841502e+03
1.925000000000000877e-01 4.444577242502731679e+03 1.031209475017746854e+03
1.974999999999999534e-01 4.280228122329769576e+03 9.481925436895895700e+02
2.024999999999999578e-01 4.102302893820709869e+03 8.658099955931627392e+02
2.075000000000000178e-01 3.916204965475944846e+03 7.855066099078848083e+02
2.125000000000001332e-01 3.730504783866560047e+03 7.091477505085447319e+02
2.174999999999998601e-01 3.553920278902103746e+03 6.382592487904314567e+02
2.224999999999999478e-01 3.393043736903418448e+03 5.735966960238290540e+02
2.274999999999999523e-01 3.251344831767211872e+03 5.150868237013484077e+02
2.325000000000000400e-01 3.129203629625420490e+03 4.620074977755688224e+02
2.375000000000000722e-01 3.024268700614153659e+03 4.132221915927085547e+02
2.424999999999998268e-01 2.932139824277615389e+03 3.674436030252590513e+02
2.474999999999999423e-01 2.847523066469473179e+03 3.235030295190848051e+02
2.525000000000000022e-01 2.765328926723925633e+03 2.805322737045228223e+02
2.575000000000000622e-01 2.681809266295810176e+03 2.380564012733305788e+02
2.625000000000000666e-01 2.594940698627718575e+03 1.959398432295150485e+02
2.674999999999998490e-01 2.504495194873748460e+03 1.542724302543085173e+02
2.725000000000000200e-01 2.411561493609267472e+03 1.132232276318272000e+02
2.775000000000000244e-01 2.318201709916868822e+03 7.292934332846198231e+01
2.825000000000000289e-01 2.226582822654183474e+03 3.341092764304499241e+01
2.875000000000000888e-01 2.138636319845027174e+03 -5.442991877789274291e+00
2.924999999999998712e-01 2.055352340015837854e+03 -4.384293840167761402e+01
2.974999999999999867e-01 1.976807244204884228e+03 -8.203273261787791171e+01
3.024999999999999911e-01 1.902299483298331779e+03 -1.202208524637473914e+02
3.074999999999999956e-01 1.830628184935728768e+03 -1.585396149603884339e+02
3.125000000000001110e-01 1.760480339553655085e+03 -1.970339120470550824e+02
3.174999999999998379e-01 1.690585256147580822e+03 -2.356661377255112768e+02
3.225000000000000644e-01 1.620018537265494615e+03 -2.743556178695509402e+02
3.275000000000000133e-01 1.548206782038239226e+03 -3.130063641672163612e+02
3.324999999999999623e-01 1.475032498473800842e+03 -3.515553530670199507e+02
3.375000000000001887e-01 1.400819733862027306e+03 -3.900104788649105672e+02
3.424999999999998601e-01 1.326011475331734346e+03 -4.284261285023538335e+02
3.475000000000001421e-01 1.251109064863424010e+03 -4.669042747087266889e+02
3.524999999999999800e-01 1.176529826595791292e+03 -5.055660976577249244e+02
3.574999999999999289e-01 1.102491399939109670e+03 -5.445163152183467901e+02
3.625000000000002109e-01 1.029073064750626372e+03 -5.838428768654068790e+02
3.674999999999998823e-01 9.561489706545170293e+02 -6.235816832639691256e+02
3.725000000000001643e-01 8.833964810157790453e+02 -6.637015912772595811e+02
3.775000000000000022e-01 8.104998314738727458e+02 -7.041511462972546269e+02
3.824999999999999512e-01 7.371640184533746378e+02 -7.448634420295942391e+02
3.875000000000002331e-01 6.631360589800141270e+02 -7.857651676845033535e+02
3.924999999999999045e-01 5.882804885920543256e+02 -8.268104065859729417e+02
3.975000000000002420e-01 5.125668115477693618e+02 -8.679864099424191863e+02
4.025000000000000244e-01 4.360196992521837842e+02 -9.093026149040771315e+02
4.074999999999998623e-01 3.587065914113917415e+02 -9.507912843806585670e+02
4.125000000000002554e-01 2.807414054895853042e+02 -9.925136848567619836e+02
4.174999999999998712e-01 2.022101720240395935e+02 -1.034528263010795172e+03
4.225000000000002087e-01 1.231443730503286389e+02 -1.076874200314533482e+03
4.275000000000000466e-01 4.354099379338791209e+01 -1.119577054499207861e+03
4.324999999999998845e-01 -3.661875835677197699e+01 -1.162654924640984518e+03
4.375000000000002776e-01 -1.173934634078084258e+02 -1.206102702311614621e+03
4.424999999999998934e-01 -1.988574500658944828e+02 -1.249902267018420162e+03
4.475000000000002309e-01 -2.810797287074233282e+02 -1.294033381820510840e+03
4.525000000000000688e-01 -3.641168059381566877e+02 -1.338478528133803593e+03
4.574999999999998512e-01 -4.480166948351018732e+02 -1.383221503499147502e+03
4.625000000000002998e-01 -5.328169169775978844e+02 -1.428249676010462281e+03
4.674999999999999156e-01 -6.185365412839959163e+02 -1.473560752849617074e+03
4.725000000000002531e-01 -7.051652242102888977e+02 -1.519172691569070139e+03
4.775000000000000910e-01 -7.926875856455101257e+02 -1.565108473535886787e+03
4.824999999999998734e-01 -8.810945122704657706e+02 -1.611388453978104963e+03
4.875000000000001554e-01 -9.703833403194164475e+02 -1.658029461352897897e+03
4.924999999999999378e-01 -1.060556482609652676e+03 -1.705045099666288024e+03
4.975000000000003864e-01 -1.145572597935062959e+03 -1.743476552011594549e+03
