2.499999999999999618e-03 2.193709426824059119e+04 -9.924327595854953688e+04
7.499999999999998855e-03 4.819603585685521102e+04 7.355083413311338518e+03
1.250000000000000763e-02 5.577669288254375715e+04 2.288154295141327020e+04
1.749999999999999126e-02 5.631488143762951950e+04 2.605021833841515399e+04
2.250000000000000958e-02 5.275225323276003473e+04 2.525541084170217437e+04
2.750000000000000361e-02 4.723627706935435708e+04 2.287911488284331062e+04
3.249999999999999417e-02 4.134072421959081839e+04 2.008698386220651446e+04
3.750000000000001249e-02 3.602856654635063751e+04 1.749285137937694162e+04
4.250000000000000305e-02 3.175399065283848540e+04 1.537151275659398925e+04
4.749999999999998668e-02 2.855083416923192271e+04 1.375673319194210671e+04
5.249999999999998418e-02 2.624206003377022353e+04 1.256658495429642062e+04
5.749999999999996780e-02 2.453640889679062821e+04 1.166125599999960104e+04
6.250000000000001388e-02 2.312916992818911604e+04 1.089644489837326182e+04
6.750000000000000444e-02 2.177083482957916931e+04 1.015730042895851511e+04
7.249999999999999500e-02 2.031060628946319048e+04 9.377754214878639687e+03
7.749999999999999944e-02 1.871048296474800736e+04 8.544584476600555718e+03
8.249999999999996225e-02 1.702677529490877350e+04 7.686258468340793115e+03
8.750000000000004996e-02 1.536843373273627367e+04 6.852220918122232433e+03
9.249999999999998501e-02 1.384950226041468522e+04 6.091180685659957817e+03
9.750000000000000333e-02 1.255316835130166146e+04 5.436046750414509916e+03
1.024999999999999245e-01 1.151490164832471783e+04 4.898083238089402585e+03
1.074999999999999706e-01 1.072348634719666552e+04 4.468912795468689183e+03
1.125000000000000722e-01 1.013262501774040174e+04 4.126644409643896324e+03
1.174999999999999656e-01 9.676125343163519574e+03 3.842919399294875348e+03
1.225000000000000255e-01 9.283301722508129387e+03 3.589418743133822318e+03
1.274999999999999190e-01 8.893347851396418264e+03 3.343338086290629690e+03
1.325000000000000067e-01 8.466629275996847355e+03 3.091098498645497330e+03
1.375000000000000389e-01 7.990257680909108785e+03 2.829523715450802229e+03
1.424999999999999878e-01 7.476108003051169362e+03 2.564158320919736980e+03
1.474999999999999922e-01 6.952304078416652374e+03 2.305485340305588124e+03
1.524999999999999412e-01 6.452020281210719077e+03 2.064659785941164500e+03
1.575000000000000011e-01 6.003486201588732001e+03 1.850147709718320584e+03
1.625000000000000888e-01 5.623798771558281260e+03 1.666017672791022733e+03
1.675000000000000377e-01 5.316991684015322789e+03 1.511816327431371519e+03
1.724999999999999867e-01 5.075508818799021356e+03 1.383543530565157880e+03
1.774999999999999356e-01 4.883630005392637031e+03 1.275119906514341210e+03
1.824999999999999956e-01 4.722514662764077002e+03 1.180122672742487111e+03
1.875000000000001110e-01 4.573729462873765442e+03 1.092875287675379241e+03
1.925000000000000877e-01 4.422000149229793351e+03 1.009145720426698631e+03
1.974999999999999534e-01 4.258313577480079402e+03 9.267528509151705975e+02
2.024999999999999578e-01 4.081685649324152109e+03 8.456698415182061126e+02
2.075000000000000178e-01 3.897421798206855783e+03 7.672499832405417237e+02
2.125000000000001332e-01 3.714006814114820372e+03 6.932640644836994852e+02
2.174999999999998601e-01 3.540081689679186638e+03 6.251399039747842608e+02
2.224999999999999478e-01 3.382162528145103806e+03 5.635302992240307276e+02
2.274999999999999523e-01 3.243635574457102393e+03 5.082537240793064370e+02
2.325000000000000400e-01 3.124785005194069072e+03 4.584749184954372367e+02
2.375000000000000722e-01 3.023149430485024823e+03 4.129409216518603216e+02
2.424999999999998268e-01 2.934206112867322645e+03 3.702466167119526972e+02
2.474999999999999423e-01 2.852529386136813628e+03 3.291058438422640506e+02
2.525000000000000022e-01 2.772892735319023814e+03 2.885346008164681280e+02
2.575000000000000622e-01 2.691409262828333340e+03 2.479446434690170520e+02
2.625000000000000666e-01 2.605917676925717842e+03 2.070901708975469262e+02
2.674999999999998490e-01 2.516054478211626247e+03 1.659544334239864156e+02
2.725000000000000200e-01 2.422776194870963536e+03 1.246043180531458034e+02
2.775000000000000244e-01 2.328016448539304292e+03 8.308012287559967035e+01
2.825000000000000289e-01 2.233817848995955956e+03 4.131162129408961903e+01
2.875000000000000888e-01 2.141992131826786135e+03 -8.951523547899590261e-01
2.924999999999998712e-01 2.053414845121186772e+03 -4.382570727279043865e+01
2.974999999999999867e-01 1.968053380427175398e+03 -8.779067925293556129e+01
3.024999999999999911e-01 1.885103082703061546e+03 -1.330575094256971624e+02
3.074999999999999956e-01 1.803265771301536461e+03 -1.798103365268312359e+02
3.125000000000001110e-01 1.721136561944926825e+03 -2.281396615155624659e+02
3.174999999999998379e-01 1.637357760232490591e+03 -2.780482224583637958e+02
3.225000000000000644e-01 1.550922239607600432e+03 -3.294912201678810675e+02
3.275000000000000133e-01 1.461177684013817270e+03 -3.824046231459983005e+02
3.324999999999999623e-01 1.367931291992773595e+03 -4.367537472793009101e+02
3.375000000000001887e-01 1.271435483246712693e+03 -4.925713318951459883e+02
3.424999999999998601e-01 1.172065588178449843e+03 -5.499331663614199215e+02
3.475000000000001421e-01 1.070259629321207058e+03 -6.089592638602254056e+02
3.524999999999999800e-01 9.663762436786871604e+02 -6.697856660657254224e+02
3.574999999999999289e-01 8.605791128872657509e+02 -7.325290840268351076e+02
3.625000000000002109e-01 7.528981207956876460e+02 -7.972870091472691456e+02
3.674999999999998823e-01 6.431621568169691727e+02 -8.641029019019298403e+02
3.725000000000001643e-01 5.310068464421040062e+02 -9.329516489817489173e+02
3.775000000000000022e-01 4.160775240518526061e+02 -1.003786675556790556e+03
3.824999999999999512e-01 2.980424901374590831e+02 -1.076545085891258850e+03
3.875000000000002331e-01 1.766137931622162398e+02 -1.151156889398534531e+03
3.924999999999999045e-01 5.162245893481581049e+01 -1.227578896541488575e+03
3.975000000000002420e-01 -7.699411716803440697e+01 -1.305800546635087585e+03
4.025000000000000244e-01 -2.092418738290176066e+02 -1.385832971635772537e+03
4.074999999999998623e-01 -3.450823026962943345e+02 -1.467709695367628910e+03
4.125000000000002554e-01 -4.844285587257813859e+02 -1.551492896977629471e+03
4.174999999999998712e-01 -6.272197212166470308e+02 -1.637241696406735855e+03
4.225000000000002087e-01 -7.734474870063859271e+02 -1.724995819694703187e+03
4.275000000000000466e-01 -9.231362755873872175e+02 -1.814781328277446391e+03
4.324999999999998845e-01 -1.076324744952353285e+03 -1.906616843053144066e+03
4.375000000000002776e-01 -1.233090097466259976e+03 -2.000497818482544517e+03
4.424999999999998934e-01 -1.393524374596215694e+03 -2.096406695811538157e+03
4.475000000000002309e-01 -1.557713609657936104e+03 -2.194323784011953194e+03
4.525000000000000688e-01 -1.725730763612442161e+03 -2.294232083092921584e+03
4.574999999999998512e-01 -1.897639829432418082e+03 -2.396115798474145322e+03
4.625000000000002998e-01 -2.073493821155676414e+03 -2.499962590316250953e+03
4.674999999999999156e-01 -2.253326743989047827e+03 -2.605770362125997508e+03
4.725000000000002531e-01 -2.437142523980543501e+03 -2.713557204192095014e+03
4.775000000000000910e-01 -2.624939310587644286e+03 -2.823346215335160650e+03
4.824999999999998734e-01 -2.816720771284932653e+03 -2.935157887925699924e+03
4.875000000000001554e-01 -3.012496269934745214e+03 -3.049009236909911579e+03
4.924999999999999378e-01 -3.212279466145227161e+03 -3.164914104039637550e+03
4.975000000000003864e-01 -3.398314419909365370e+03 -3.266004306121102672e+03
