2.000000000000000000e+00 4.352874636335911873e+00 1.320497439470308423e+08
6.000000000000000000e+00 1.482102043032882843e+00 -3.746771627963788807e+06
1.000000000000000000e+01 6.839441650795445860e-01 9.518741332727940971e+03
1.400000000000000000e+01 4.046438626993732468e-01 1.071544471532267506e-01
1.800000000000000000e+01 2.646497164541601332e-01 -9.948846856783516435e-02
2.200000000000000000e+01 1.780055791328557235e-01 -8.108405939412072216e-02
2.600000000000000000e+01 1.214470905791023292e-01 -7.223778067865763153e-02
3.000000000000000000e+01 8.438601011608826141e-02 -6.417396525573283717e-02
3.400000000000000000e+01 5.974418435101438996e-02 -5.496244865922248618e-02
3.800000000000000000e+01 4.315638849108070774e-02 -4.712279185311774032e-02
4.200000000000000000e+01 3.182395605254845217e-02 -4.047655154605073885e-02
4.600000000000000000e+01 2.382824656058732740e-02 -3.433666212091462250e-02
5.000000000000000000e+01 1.803600389443923285e-02 -2.927544914306091928e-02
5.400000000000000000e+01 1.378166668238989430e-02 -2.528667453620541544e-02
5.800000000000000000e+01 1.058642531115291593e-02 -2.184083481357682044e-02
6.200000000000000000e+01 8.142538024215046147e-03 -1.894428611528055709e-02
6.600000000000000000e+01 6.260249954073041773e-03 -1.662601581873019568e-02
7.000000000000000000e+01 4.779882836460401865e-03 -1.462847650457105644e-02
7.400000000000000000e+01 3.595679572227562272e-03 -1.288569026720417371e-02
7.800000000000000000e+01 2.680380921527546114e-03 -1.141462366656797837e-02
8.200000000000000000e+01 2.076229889404607003e-03 -1.005956051116579930e-02
8.600000000000000000e+01 1.901791404166488370e-03 -8.748181839639291094e-03
9.000000000000000000e+01 2.237896379074349670e-03 -7.564150275671194593e-03
9.400000000000000000e+01 2.897287215386614052e-03 -6.545998127915386537e-03
9.800000000000000000e+01 3.420641296103437215e-03 -5.710829048895606046e-03
1.020000000000000000e+02 3.414727535393615940e-03 -5.108805668853116239e-03
1.060000000000000000e+02 2.848213463346956770e-03 -4.731629589475441766e-03
1.100000000000000000e+02 1.988017472345136438e-03 -4.510952476531467428e-03
1.140000000000000000e+02 1.131628044555806067e-03 -4.375864647552290577e-03
1.180000000000000000e+02 4.410301313897413964e-04 -4.247243807241389557e-03
1.220000000000000000e+02 -5.092870892944629282e-05 -4.071407645149760848e-03
1.260000000000000000e+02 -3.726868215188703488e-04 -3.856271341709245192e-03
1.300000000000000000e+02 -5.675567037526974869e-04 -3.621115815224544392e-03
1.340000000000000000e+02 -6.750936275219109354e-04 -3.370310568826684599e-03
1.380000000000000000e+02 -7.257503834892391117e-04 -3.119271328617231800e-03
1.420000000000000000e+02 -7.409675369097009799e-04 -2.881274621963647760e-03
1.460000000000000000e+02 -7.347342094244418888e-04 -2.654172030502120142e-03
1.500000000000000000e+02 -7.154344969702269418e-04 -2.440452461492437219e-03
1.540000000000000000e+02 -6.880231976240224617e-04 -2.246234951193812682e-03
1.580000000000000000e+02 -6.556066799798282874e-04 -2.066926177289644517e-03
1.620000000000000000e+02 -6.204201574415370204e-04 -1.900886734478434304e-03
1.660000000000000000e+02 -5.846735129076460064e-04 -1.751622577920060536e-03
1.700000000000000000e+02 -5.502790545446484011e-04 -1.615640349183475755e-03
1.740000000000000000e+02 -5.177784017037334163e-04 -1.490037411019056943e-03
1.780000000000000000e+02 -4.865622110765898626e-04 -1.376961781445320892e-03
1.820000000000000000e+02 -4.560942506328966939e-04 -1.274281126984088981e-03
1.860000000000000000e+02 -4.264254797125468914e-04 -1.179126847112087900e-03
1.900000000000000000e+02 -3.982354851491727728e-04 -1.093172415323773964e-03
1.940000000000000000e+02 -3.726931679162507867e-04 -1.015724738606369176e-03
1.980000000000000000e+02 -3.505881787139912900e-04 -9.440164999972490032e-04
