2.000000000000000000e+00 3.486066122974406767e+00 -1.662620367622976228e-02
6.000000000000000000e+00 1.520892776736164187e+00 -5.637839374861738223e-02
1.000000000000000000e+01 7.761769853959885612e-01 -8.991456531921181161e-02
1.400000000000000000e+01 4.556163927846705874e-01 -9.628984061645662340e-02
1.800000000000000000e+01 2.853827719129655716e-01 -8.944300140902491925e-02
2.200000000000000000e+01 1.843536962422825942e-01 -8.293768026944295380e-02
2.600000000000000000e+01 1.221143302420464316e-01 -7.604030296006175638e-02
3.000000000000000000e+01 8.332684604767109926e-02 -6.691996057920589214e-02
3.400000000000000000e+01 5.862000582565506102e-02 -5.739919037826490822e-02
3.800000000000000000e+01 4.237660467833258976e-02 -4.870275159350023753e-02
4.200000000000000000e+01 3.132918860443661968e-02 -4.100815515365194980e-02
4.600000000000000000e+01 2.353807894631138042e-02 -3.461187079421122748e-02
5.000000000000000000e+01 1.788125680002354556e-02 -2.946957976005704777e-02
5.400000000000000000e+01 1.369698872782039098e-02 -2.523490596345084186e-02
5.800000000000000000e+01 1.054400580330504961e-02 -2.175547478260317358e-02
6.200000000000000000e+01 8.130395775176591650e-03 -1.891752055128121529e-02
6.600000000000000000e+01 6.263173566002646145e-03 -1.653782387844863339e-02
7.000000000000000000e+01 4.792505569828067399e-03 -1.452775061167623470e-02
7.400000000000000000e+01 3.618240308130894929e-03 -1.283364202175090937e-02
7.800000000000000000e+01 2.708547775716822759e-03 -1.134775742476899600e-02
8.200000000000000000e+01 2.107041387411899905e-03 -9.982651887021614517e-03
8.600000000000000000e+01 1.934351380197441191e-03 -8.704061950953207588e-03
9.000000000000000000e+01 2.267979243003438814e-03 -7.523805480875320195e-03
9.400000000000000000e+01 2.920464937577625566e-03 -6.501709536709615600e-03
9.800000000000000000e+01 3.435458204408209284e-03 -5.689825140457148434e-03
1.020000000000000000e+02 3.421007748012939564e-03 -5.097279352995024403e-03
1.060000000000000000e+02 2.847464229892027795e-03 -4.716401614980342966e-03
1.100000000000000000e+02 1.983393306249044748e-03 -4.506884641982634651e-03
1.140000000000000000e+02 1.125480188696943154e-03 -4.376751671489233914e-03
1.180000000000000000e+02 4.349863429327735943e-04 -4.241074063061624558e-03
1.220000000000000000e+02 -5.510870877415342437e-05 -4.067423412495092469e-03
1.260000000000000000e+02 -3.743761759979395785e-04 -3.854471369064431299e-03
1.300000000000000000e+02 -5.672582876114807019e-04 -3.613282886665716755e-03
1.340000000000000000e+02 -6.731829820516091207e-04 -3.362527292309228609e-03
1.380000000000000000e+02 -7.227229654931835272e-04 -3.114291211036864567e-03
1.420000000000000000e+02 -7.375785859214021266e-04 -2.873463962702175502e-03
1.460000000000000000e+02 -7.312845631225321254e-04 -2.646346733725143084e-03
1.500000000000000000e+02 -7.120206314505528192e-04 -2.435923743030659564e-03
1.540000000000000000e+02 -6.849191575259316227e-04 -2.240589117534701885e-03
1.580000000000000000e+02 -6.528522234900983792e-04 -2.060974385382661252e-03
1.620000000000000000e+02 -6.179059471231450763e-04 -1.897561759830134658e-03
1.660000000000000000e+02 -5.824820937538476191e-04 -1.747952977637628504e-03
1.700000000000000000e+02 -5.484083690139775896e-04 -1.611322403085292242e-03
1.740000000000000000e+02 -5.161018255701787724e-04 -1.487585850663112035e-03
1.780000000000000000e+02 -4.851054346866643199e-04 -1.374614571980084087e-03
1.820000000000000000e+02 -4.548693646010830470e-04 -1.271193036930986803e-03
1.860000000000000000e+02 -4.253328600210470531e-04 -1.177282191780514194e-03
1.900000000000000000e+02 -3.972796566764784420e-04 -1.091600626912321396e-03
1.940000000000000000e+02 -3.718998514902833097e-04 -1.013293214208726024e-03
1.980000000000000000e+02 -3.498843985919908610e-04 -9.424798347541811158e-04
