2.000000000000000000e+00 1.165440055778656792e+01 8.259276408357544952e+00
6.000000000000000000e+00 2.516729849571350375e+00 5.386479740178155839e-02
1.000000000000000000e+01 8.318141437012842587e-01 -1.156631785089904385e-01
1.400000000000000000e+01 4.271911185268524869e-01 -1.190946535866357764e-01
1.800000000000000000e+01 2.725410253647481684e-01 -9.849426759965841660e-02
2.200000000000000000e+01 1.837397535739577759e-01 -7.803946362972956352e-02
2.600000000000000000e+01 1.260952213462053217e-01 -6.701342438172666616e-02
3.000000000000000000e+01 8.809309733735969095e-02 -5.983002440142901751e-02
3.400000000000000000e+01 6.221075626367555955e-02 -5.253335126296371227e-02
3.800000000000000000e+01 4.459985525943381546e-02 -4.567479097750965639e-02
4.200000000000000000e+01 3.269879589150051502e-02 -3.960423738378751612e-02
4.600000000000000000e+01 2.433636550165649282e-02 -3.403651257654927154e-02
5.000000000000000000e+01 1.830083925061638805e-02 -2.921050939190675960e-02
5.400000000000000000e+01 1.393560753008789808e-02 -2.524557540458946536e-02
5.800000000000000000e+01 1.067348052992842661e-02 -2.188759592301633972e-02
6.200000000000000000e+01 8.175113305906308442e-03 -1.904008781095978958e-02
6.600000000000000000e+01 6.270747961279829301e-03 -1.668996477439758930e-02
7.000000000000000000e+01 4.777669818753243168e-03 -1.469715831857888733e-02
7.400000000000000000e+01 3.576408359005035873e-03 -1.297141221217794349e-02
7.800000000000000000e+01 2.654073308224603675e-03 -1.147856771321455194e-02
8.200000000000000000e+01 2.048144597540364417e-03 -1.011343147796686659e-02
8.600000000000000000e+01 1.869959150017736545e-03 -8.807366760329567168e-03
9.000000000000000000e+01 2.209046228462413150e-03 -7.607988994495887974e-03
9.400000000000000000e+01 2.877888172834726453e-03 -6.575083634903663293e-03
9.800000000000000000e+01 3.409870414636598235e-03 -5.738220666852667309e-03
1.020000000000000000e+02 3.412191474625250742e-03 -5.125901824228834905e-03
1.060000000000000000e+02 2.852432965650185046e-03 -4.736997821581233337e-03
1.100000000000000000e+02 1.994329412962012656e-03 -4.516168079810407507e-03
1.140000000000000000e+02 1.138113428324509383e-03 -4.379518613660695822e-03
1.180000000000000000e+02 4.474812530574964601e-04 -4.247144757392970829e-03
1.220000000000000000e+02 -4.659848971232555823e-05 -4.074441030512152527e-03
1.260000000000000000e+02 -3.711532899375865691e-04 -3.861859743272659171e-03
1.300000000000000000e+02 -5.676305900351587101e-04 -3.625436027389241592e-03
1.340000000000000000e+02 -6.767394767215424364e-04 -3.376402099294011517e-03
1.380000000000000000e+02 -7.287558725893373592e-04 -3.126980866546668746e-03
1.420000000000000000e+02 -7.441354496442492868e-04 -2.887313942438301737e-03
1.460000000000000000e+02 -7.379036781622355006e-04 -2.659907054014071844e-03
1.500000000000000000e+02 -7.187821895584123192e-04 -2.446938793691075167e-03
1.540000000000000000e+02 -6.909733954849555477e-04 -2.251049960600393259e-03
1.580000000000000000e+02 -6.581342680746562210e-04 -2.070827852323752286e-03
1.620000000000000000e+02 -6.228723499402225331e-04 -1.905187188457046652e-03
1.660000000000000000e+02 -5.867766233882162723e-04 -1.754783771968177093e-03
1.700000000000000000e+02 -5.519830791769425940e-04 -1.617867023077267791e-03
1.740000000000000000e+02 -5.194039719616687974e-04 -1.492574892535237108e-03
1.780000000000000000e+02 -4.879753066857276788e-04 -1.378897181397266804e-03
1.820000000000000000e+02 -4.572009782003581715e-04 -1.275459270863851151e-03
1.860000000000000000e+02 -4.274761482044729297e-04 -1.180544778224662831e-03
1.900000000000000000e+02 -3.991761264567662837e-04 -1.094261165689997114e-03
1.940000000000000000e+02 -3.734064315113364376e-04 -1.016069574903151213e-03
1.980000000000000000e+02 -3.512565616930119123e-04 -9.446469221044585937e-04
