2.000000000000000000e+00 6.070286132279328228e+00 6.240173130560902592e+01
6.000000000000000000e+00 1.708117683350910632e+00 -1.725199281316370126e+00
1.000000000000000000e+01 7.064106982733096007e-01 -1.105118312854877494e-01
1.400000000000000000e+01 4.040456840122031434e-01 -1.226443565259407453e-01
1.800000000000000000e+01 2.640900341939692031e-01 -1.010968079658850771e-01
2.200000000000000000e+01 1.785692199782014655e-01 -8.092630432236168347e-02
2.600000000000000000e+01 1.224110501460566047e-01 -7.044349168588764920e-02
3.000000000000000000e+01 8.532622619310946399e-02 -6.270416708938392203e-02
3.400000000000000000e+01 6.041611812936630022e-02 -5.429930769864656226e-02
3.800000000000000000e+01 4.356495142099108681e-02 -4.665916679242901322e-02
4.200000000000000000e+01 3.207312483015783283e-02 -4.014280230433132923e-02
4.600000000000000000e+01 2.397299278117510576e-02 -3.426217359029855997e-02
5.000000000000000000e+01 1.811241548262015541e-02 -2.927234804891589576e-02
5.400000000000000000e+01 1.382526710282339782e-02 -2.525470292025127489e-02
5.800000000000000000e+01 1.061029205119113500e-02 -2.185854015837477085e-02
6.200000000000000000e+01 8.151262301314221234e-03 -1.898737225595703917e-02
6.600000000000000000e+01 6.262281337064998926e-03 -1.664060915122240331e-02
7.000000000000000000e+01 4.777888030415986670e-03 -1.464887056538488434e-02
7.400000000000000000e+01 3.588943478668982744e-03 -1.292019438069428802e-02
7.800000000000000000e+01 2.671433159567630777e-03 -1.143377336819063200e-02
8.200000000000000000e+01 2.066509743104293605e-03 -1.007462656822857849e-02
8.600000000000000000e+01 1.891118971590046056e-03 -8.770810054794877381e-03
9.000000000000000000e+01 2.228166748830656511e-03 -7.578365499278686204e-03
9.400000000000000000e+01 2.890369784388952500e-03 -6.553350086167120635e-03
9.800000000000000000e+01 3.416605933554620837e-03 -5.721151732494890972e-03
1.020000000000000000e+02 3.413484779756528927e-03 -5.114706963602735044e-03
1.060000000000000000e+02 2.849216938432851728e-03 -4.731694117103787435e-03
1.100000000000000000e+02 1.989932104280124278e-03 -4.513094501982692873e-03
1.140000000000000000e+02 1.133765992132587143e-03 -4.377527403134953352e-03
1.180000000000000000e+02 4.431258947868786484e-04 -4.246063195037160475e-03
1.220000000000000000e+02 -4.950624900086929753e-05 -4.072367260339425712e-03
1.260000000000000000e+02 -3.721487135926376593e-04 -3.858540879973260205e-03
1.300000000000000000e+02 -5.676108350919247241e-04 -3.621828519563581941e-03
1.340000000000000000e+02 -6.756765255505028022e-04 -3.372119891765930442e-03
1.380000000000000000e+02 -7.267481631003547705e-04 -3.122139988739106552e-03
1.420000000000000000e+02 -7.420498040115765508e-04 -2.882873836459396745e-03
1.460000000000000000e+02 -7.358264397627901736e-04 -2.655739828060044855e-03
1.500000000000000000e+02 -7.165536146486371988e-04 -2.442857968363247329e-03
1.540000000000000000e+02 -6.890238264549437396e-04 -2.247583769467583446e-03
1.580000000000000000e+02 -6.564784133179261613e-04 -2.067860347108486409e-03
1.620000000000000000e+02 -6.212420408186526428e-04 -1.902388634919262647e-03
1.660000000000000000e+02 -5.853836557328067876e-04 -1.752441332987314136e-03
1.700000000000000000e+02 -5.508688503741239126e-04 -1.615948178537505390e-03
1.740000000000000000e+02 -5.183247557470296472e-04 -1.490766626031170619e-03
1.780000000000000000e+02 -4.870370199839541676e-04 -1.377362268764655527e-03
1.820000000000000000e+02 -4.564788450998621223e-04 -1.274241624835212392e-03
1.860000000000000000e+02 -4.267800494293229156e-04 -1.179390961261967156e-03
1.900000000000000000e+02 -3.985495600951854500e-04 -1.093253308898563389e-03
1.940000000000000000e+02 -3.729417352928896239e-04 -1.015294229907501809e-03
1.980000000000000000e+02 -3.508151594189082853e-04 -9.439119155356409750e-04
