2.000000000000000000e+00 3.065491368737948363e+00 -2.517422852945720713e-02
6.000000000000000000e+00 1.387184978476635910e+00 -7.928391911256910118e-02
1.000000000000000000e+01 7.192613247989085856e-01 -1.134753930010276718e-01
1.400000000000000000e+01 4.302794728228132026e-01 -1.083173487550211228e-01
1.800000000000000000e+01 2.753173931918634354e-01 -9.277465318134137107e-02
2.200000000000000000e+01 1.809154661377771200e-01 -8.309533231014305799e-02
2.600000000000000000e+01 1.212836415386333855e-01 -7.514334438969529073e-02
3.000000000000000000e+01 8.338944285125639289e-02 -6.584971582542717417e-02
3.400000000000000000e+01 5.884968623130459875e-02 -5.665778103535494548e-02
3.800000000000000000e+01 4.255883604375129692e-02 -4.827548395007527637e-02
4.200000000000000000e+01 3.145249595309543983e-02 -4.077605051995352586e-02
4.600000000000000000e+01 2.361207158578265686e-02 -3.451777608935076985e-02
5.000000000000000000e+01 1.791935272156668091e-02 -2.944358798562530730e-02
5.400000000000000000e+01 1.371753882374923683e-02 -2.523508199601042987e-02
5.800000000000000000e+01 1.055387140423940870e-02 -2.177486322863518564e-02
6.200000000000000000e+01 8.131706674709391486e-03 -1.894358731603811366e-02
6.600000000000000000e+01 6.260610435510641225e-03 -1.656276012109923756e-02
7.000000000000000000e+01 4.787495848458710526e-03 -1.455393182096537986e-02
7.400000000000000000e+01 3.610173662476946505e-03 -1.285883517128145331e-02
7.800000000000000000e+01 2.698847073818650723e-03 -1.136973285449946122e-02
8.200000000000000000e+01 2.096661930936276081e-03 -1.000316190829892218e-02
8.600000000000000000e+01 1.923352598843974760e-03 -8.722259319466773783e-03
9.000000000000000000e+01 2.257726793304572904e-03 -7.538205994987065041e-03
9.400000000000000000e+01 2.912427408416812941e-03 -6.513095964774153791e-03
9.800000000000000000e+01 3.430055094877911080e-03 -5.698134548498698382e-03
1.020000000000000000e+02 3.418431018519883097e-03 -5.102260531050182082e-03
1.060000000000000000e+02 2.847388133790428131e-03 -4.719322718284589546e-03
1.100000000000000000e+02 1.984753867906558378e-03 -4.508590581834181349e-03
1.140000000000000000e+02 1.127442732967747895e-03 -4.377548981990733723e-03
1.180000000000000000e+02 4.369871096148159311e-04 -4.241839451110640882e-03
1.220000000000000000e+02 -5.371730282865408088e-05 -4.068601496362012071e-03
1.260000000000000000e+02 -3.738304954464727651e-04 -3.855923514265254329e-03
1.300000000000000000e+02 -5.673680017749326921e-04 -3.615153717457042851e-03
1.340000000000000000e+02 -6.738326961377594931e-04 -3.364782012371731867e-03
1.380000000000000000e+02 -7.237581636801935494e-04 -3.116564721218487329e-03
1.420000000000000000e+02 -7.387278785284678590e-04 -2.875697238512186539e-03
1.460000000000000000e+02 -7.324500423004888993e-04 -2.648534518426261253e-03
1.500000000000000000e+02 -7.131812395718029485e-04 -2.437871245410450083e-03
1.540000000000000000e+02 -6.859715443779989055e-04 -2.242306652172173370e-03
1.580000000000000000e+02 -6.537823112114978658e-04 -2.062545809351619842e-03
1.620000000000000000e+02 -6.187601274884279006e-04 -1.898906664965701110e-03
1.660000000000000000e+02 -5.832258797387255937e-04 -1.749093871455478918e-03
1.700000000000000000e+02 -5.490397919477765353e-04 -1.612351190212971391e-03
1.740000000000000000e+02 -5.166712381094581627e-04 -1.488462573427020135e-03
1.780000000000000000e+02 -4.856006294040928492e-04 -1.375345761203696903e-03
1.820000000000000000e+02 -4.552826727836562556e-04 -1.271853614450072292e-03
1.860000000000000000e+02 -4.257036215007434883e-04 -1.177850097695211330e-03
1.900000000000000000e+02 -3.976049569540864720e-04 -1.092068255121885281e-03
1.940000000000000000e+02 -3.721673308066289054e-04 -1.013717463741735034e-03
1.980000000000000000e+02 -3.501228395727983478e-04 -9.428503925784764142e-04
