2.000000000000000000e+00 3.120322546321088630e+00 -2.551621548750410140e-02
6.000000000000000000e+00 1.365884257070382413e+00 -8.241675258468662835e-02
1.000000000000000000e+01 7.005323899860763648e-01 -1.203014550191207899e-01
1.400000000000000000e+01 4.207691977650835358e-01 -1.138046537972978722e-01
1.800000000000000000e+01 2.714639877065554430e-01 -9.424035765678845378e-02
2.200000000000000000e+01 1.796885241442550962e-01 -8.280138240710505082e-02
2.600000000000000000e+01 1.210993550069937863e-01 -7.471247194935745628e-02
3.000000000000000000e+01 8.352910030456414670e-02 -6.531672936118419759e-02
3.400000000000000000e+01 5.901819113333001826e-02 -5.621841485002996436e-02
3.800000000000000000e+01 4.267975260261286374e-02 -4.808003705326562016e-02
4.200000000000000000e+01 3.152966590716206607e-02 -4.066829533589559620e-02
4.600000000000000000e+01 2.365733258350009513e-02 -3.444913795222484532e-02
5.000000000000000000e+01 1.794366886154926538e-02 -2.943803580621252858e-02
5.400000000000000000e+01 1.373069352671077437e-02 -2.524052830602326741e-02
5.800000000000000000e+01 1.056028887946991804e-02 -2.177547667205481305e-02
6.200000000000000000e+01 8.133466438331245218e-03 -1.895936277427575853e-02
6.600000000000000000e+01 6.259942903789270097e-03 -1.657864849613038122e-02
7.000000000000000000e+01 4.785231079100325281e-03 -1.456263771757465748e-02
7.400000000000000000e+01 3.606375409262872062e-03 -1.287227440192391902e-02
7.800000000000000000e+01 2.694132304528473743e-03 -1.138297538284919683e-02
8.200000000000000000e+01 2.091480015261058204e-03 -1.001115477345597415e-02
8.600000000000000000e+01 1.917918420326557641e-03 -8.731423017976551113e-03
9.000000000000000000e+01 2.252700217120519322e-03 -7.546919826620198529e-03
9.400000000000000000e+01 2.908507151890952352e-03 -6.517612023841155497e-03
9.800000000000000000e+01 3.427529901622614148e-03 -5.702080954896919344e-03
1.020000000000000000e+02 3.417335566251046997e-03 -5.105799299421474868e-03
1.060000000000000000e+02 2.847462207277981494e-03 -4.720185511126000905e-03
1.100000000000000000e+02 1.985500734219093795e-03 -4.509115218897129761e-03
1.140000000000000000e+02 1.128465039502468507e-03 -4.378633631776531962e-03
1.180000000000000000e+02 4.379874322788469745e-04 -4.241939434777977636e-03
1.220000000000000000e+02 -5.302342020722936099e-05 -4.068863600625666210e-03
1.260000000000000000e+02 -3.735451165753369239e-04 -3.857109358160766728e-03
1.300000000000000000e+02 -5.674214241388393122e-04 -3.615994375928448072e-03
1.340000000000000000e+02 -6.741555618828804592e-04 -3.365619793621696387e-03
1.380000000000000000e+02 -7.242619061479305858e-04 -3.117997373448957478e-03
1.420000000000000000e+02 -7.392959069733643068e-04 -2.876819642792699788e-03
1.460000000000000000e+02 -7.330295531962656560e-04 -2.649387142522882828e-03
1.500000000000000000e+02 -7.137503908158730195e-04 -2.439025268832268559e-03
1.540000000000000000e+02 -6.864909119878726939e-04 -2.243222914280891891e-03
1.580000000000000000e+02 -6.542451011518088475e-04 -2.063140411417589432e-03
1.620000000000000000e+02 -6.191795579647469717e-04 -1.899679163482017675e-03
1.660000000000000000e+02 -5.835921096920949989e-04 -1.749744434167816408e-03
1.700000000000000000e+02 -5.493543237625540376e-04 -1.612720848206248506e-03
1.740000000000000000e+02 -5.169511074223118001e-04 -1.488946392472741912e-03
1.780000000000000000e+02 -4.858437479942684292e-04 -1.375796778389168319e-03
1.820000000000000000e+02 -4.554887774462947742e-04 -1.272079396801986412e-03
1.860000000000000000e+02 -4.258861743207542237e-04 -1.178143524907992274e-03
1.900000000000000000e+02 -3.977641812281402915e-04 -1.092382854824912059e-03
1.940000000000000000e+02 -3.723008723913527303e-04 -1.013858400467976132e-03
1.980000000000000000e+02 -3.502405835053662387e-04 -9.430226423298874788e-04
