2.000000000000000000e+00 6.465495073309304175e+00 4.016279249626671932e-01
6.000000000000000000e+00 2.147952020948858731e+00 1.022123620064114835e-01
1.000000000000000000e+01 9.694069855371112432e-01 -2.254975963758984805e-02
1.400000000000000000e+01 5.310294843236327278e-01 -6.397136727046602578e-02
1.800000000000000000e+01 3.150165854154966527e-01 -7.946694962559089359e-02
2.200000000000000000e+01 1.952337146350798525e-01 -8.180258024413002149e-02
2.600000000000000000e+01 1.255698756186838794e-01 -7.717855503766012093e-02
3.000000000000000000e+01 8.407908978609521244e-02 -6.876267486349690872e-02
3.400000000000000000e+01 5.860319153378393264e-02 -5.888668796460614502e-02
3.800000000000000000e+01 4.223834995647506030e-02 -4.947015177155676680e-02
4.200000000000000000e+01 3.120839465247473438e-02 -4.142530719511981763e-02
4.600000000000000000e+01 2.346093590401695378e-02 -3.482808934387338073e-02
5.000000000000000000e+01 1.784334287216649689e-02 -2.950200581856329482e-02
5.400000000000000000e+01 1.367892094870138200e-02 -2.521909516980087862e-02
5.800000000000000000e+01 1.053831207691915788e-02 -2.173222572515560308e-02
6.200000000000000000e+01 8.135175189839657581e-03 -1.885968123532928004e-02
6.600000000000000000e+01 6.272884174913138065e-03 -1.648007955162152788e-02
7.000000000000000000e+01 4.805557656345472994e-03 -1.448347936310938507e-02
7.400000000000000000e+01 3.635701007251379482e-03 -1.278175251747252356e-02
7.800000000000000000e+01 2.728695926789013321e-03 -1.129899587624672366e-02
8.200000000000000000e+01 2.128469251847263117e-03 -9.945860156780896369e-03
8.600000000000000000e+01 1.956675629729369946e-03 -8.667618853920271496e-03
9.000000000000000000e+01 2.289003203422001424e-03 -7.491833465868028875e-03
9.400000000000000000e+01 2.937665754547156855e-03 -6.481218365521186631e-03
9.800000000000000000e+01 3.447633871917089605e-03 -5.673907345411458719e-03
1.020000000000000000e+02 3.427493034260289256e-03 -5.085383718045641786e-03
1.060000000000000000e+02 2.848699538605891333e-03 -4.711722979368403869e-03
1.100000000000000000e+02 1.981228434127618211e-03 -4.504113568759030017e-03
1.140000000000000000e+02 1.121729464967489336e-03 -4.373704704176025609e-03
1.180000000000000000e+02 4.310821787660288392e-04 -4.240011046071688258e-03
1.220000000000000000e+02 -5.785819107406243636e-05 -4.065728733844438565e-03
1.260000000000000000e+02 -3.754753720494876323e-04 -3.850653344836545491e-03
1.300000000000000000e+02 -5.669815642167540855e-04 -3.609702928509399798e-03
1.340000000000000000e+02 -6.718145333756642351e-04 -3.358614575976281210e-03
1.380000000000000000e+02 -7.206148651899048092e-04 -3.109165917069387115e-03
1.420000000000000000e+02 -7.352116298191101055e-04 -2.868967833247923829e-03
1.460000000000000000e+02 -7.288782871608836915e-04 -2.642460911847318693e-03
1.500000000000000000e+02 -7.096572534852840178e-04 -2.431678772763556321e-03
1.540000000000000000e+02 -6.827614739897964590e-04 -2.237026529454995069e-03
1.580000000000000000e+02 -6.509317767769395293e-04 -2.058215549192545131e-03
1.620000000000000000e+02 -6.161643487341051696e-04 -1.894680235745849640e-03
1.660000000000000000e+02 -5.809598166284440446e-04 -1.745502691651255704e-03
1.700000000000000000e+02 -5.471021243379360459e-04 -1.609553395946445014e-03
1.740000000000000000e+02 -5.149388167755054608e-04 -1.485748104869035174e-03
1.780000000000000000e+02 -4.840936253209086621e-04 -1.372976395885687874e-03
1.820000000000000000e+02 -4.540123911597443006e-04 -1.270078931794166787e-03
1.860000000000000000e+02 -4.245738974020353074e-04 -1.176132506684012761e-03
1.900000000000000000e+02 -3.966167887296701434e-04 -1.090500983266356897e-03
1.940000000000000000e+02 -3.713444453498500027e-04 -1.012584624536070396e-03
1.980000000000000000e+02 -3.493947308169360975e-04 -9.417684832498205306e-04
