2.000000000000000000e+00 3.763149938746929823e+00 nan
6.000000000000000000e+00 1.413580987592786276e+00 nan
1.000000000000000000e+01 6.827949715623208293e-01 nan
1.400000000000000000e+01 4.079784268799458435e-01 nan
1.800000000000000000e+01 2.661263572240881725e-01 nan
2.200000000000000000e+01 1.782303601271212623e-01 nan
2.600000000000000000e+01 1.211838132073250751e-01 nan
3.000000000000000000e+01 8.402682359452753880e-02 nan
3.400000000000000000e+01 5.946479241129912913e-02 nan
3.800000000000000000e+01 4.297914115840992255e-02 nan
4.200000000000000000e+01 3.171530500295162425e-02 nan
4.600000000000000000e+01 2.376518706994565702e-02 nan
5.000000000000000000e+01 1.800218864375650873e-02 nan
5.400000000000000000e+01 1.376275575145645934e-02 nan
5.800000000000000000e+01 1.057645884312469892e-02 nan
6.200000000000000000e+01 8.138954216099385242e-03 nan
6.600000000000000000e+01 6.259778323269941762e-03 nan
7.000000000000000000e+01 4.781369361457048911e-03 nan
7.400000000000000000e+01 3.599156301531908873e-03 nan
7.800000000000000000e+01 2.684915814951803047e-03 nan
8.200000000000000000e+01 2.081233842309911097e-03 nan
8.600000000000000000e+01 1.907147770387035077e-03 nan
9.000000000000000000e+01 2.242798787536907923e-03 nan
9.400000000000000000e+01 2.900920260082638126e-03 nan
9.800000000000000000e+01 3.422825222350549430e-03 nan
1.020000000000000000e+02 3.415494354939432268e-03 nan
1.060000000000000000e+02 2.847865621932440649e-03 nan
1.100000000000000000e+02 1.987131475124078589e-03 nan
1.140000000000000000e+02 1.130565391681245205e-03 nan
1.180000000000000000e+02 4.400040948155411850e-04 nan
1.220000000000000000e+02 -5.163142123171524697e-05 nan
1.260000000000000000e+02 -3.729678473117852781e-04 nan
1.300000000000000000e+02 -5.675180258862816537e-04 nan
1.340000000000000000e+02 -6.747885993616473945e-04 nan
1.380000000000000000e+02 -7.252543197129679518e-04 nan
1.420000000000000000e+02 -7.404164680009060751e-04 nan
1.460000000000000000e+02 -7.341740381599185655e-04 nan
1.500000000000000000e+02 -7.148746196483678813e-04 nan
1.540000000000000000e+02 -6.875166131385121795e-04 nan
1.580000000000000000e+02 -6.551593314026722247e-04 nan
1.620000000000000000e+02 -6.200081195706730417e-04 nan
1.660000000000000000e+02 -5.843153539834128590e-04 nan
1.700000000000000000e+02 -5.499755918999670468e-04 nan
1.740000000000000000e+02 -5.175039097489347092e-04 nan
1.780000000000000000e+02 -4.863237741392864599e-04 nan
1.820000000000000000e+02 -4.558958066829073199e-04 nan
1.860000000000000000e+02 -4.262467891147053538e-04 nan
1.900000000000000000e+02 -3.980786424091088248e-04 nan
1.940000000000000000e+02 -3.725646787605290983e-04 nan
1.980000000000000000e+02 -3.504732461307469857e-04 nan
