2.000000000000000000e+00 3.352529221528446346e+00 -2.449322887737642035e-02
6.000000000000000000e+00 1.374778364399036557e+00 -8.156487634619122296e-02
1.000000000000000000e+01 6.883456990479311921e-01 -1.235698706625776716e-01
1.400000000000000000e+01 4.133459954361149435e-01 -1.187154579793783526e-01
1.800000000000000000e+01 2.683989387259236303e-01 -9.582254661371991666e-02
2.200000000000000000e+01 1.787921721475231318e-01 -8.216084860950478852e-02
2.600000000000000000e+01 1.210671595951611085e-01 -7.425601931300943037e-02
3.000000000000000000e+01 8.374135006774377499e-02 -6.486276486189607171e-02
3.400000000000000000e+01 5.922296345267381856e-02 -5.569129402851565047e-02
3.800000000000000000e+01 4.282009707548611183e-02 -4.788769263691982497e-02
4.200000000000000000e+01 3.161723524426093140e-02 -4.059688230595731584e-02
4.600000000000000000e+01 2.370827713617547350e-02 -3.434720449720020385e-02
5.000000000000000000e+01 1.797135781190448145e-02 -2.943368027399062906e-02
5.400000000000000000e+01 1.374576593258718810e-02 -2.526417809741781512e-02
5.800000000000000000e+01 1.056777508852872749e-02 -2.176102723615843879e-02
6.200000000000000000e+01 8.135910827899319950e-03 -1.897449415304740955e-02
6.600000000000000000e+01 6.259672070904536562e-03 -1.660468842383281199e-02
7.000000000000000000e+01 4.783166825160539010e-03 -1.456397954698630988e-02
7.400000000000000000e+01 3.602713986412033227e-03 -1.288433119455698571e-02
7.800000000000000000e+01 2.689495293044944727e-03 -1.140231220073430543e-02
8.200000000000000000e+01 2.086325280439205697e-03 -1.001545569840835842e-02
8.600000000000000000e+01 1.912520716023204288e-03 -8.739041639181002741e-03
9.000000000000000000e+01 2.247729769646022654e-03 -7.559451002231310640e-03
9.400000000000000000e+01 2.904664742611750249e-03 -6.520331064126483507e-03
9.800000000000000000e+01 3.425120793786079216e-03 -5.704596385211510405e-03
1.020000000000000000e+02 3.416360907904329204e-03 -5.111793530654336337e-03
1.060000000000000000e+02 2.847617691183640040e-03 -4.720262335816335919e-03
1.100000000000000000e+02 1.986292825999342888e-03 -4.508385577937689195e-03
1.140000000000000000e+02 1.129509010734545526e-03 -4.381276051404273987e-03
1.180000000000000000e+02 4.389911713529685562e-04 -4.241796739543942513e-03
1.220000000000000000e+02 -5.232905444682219313e-05 -4.068093060001503822e-03
1.260000000000000000e+02 -3.732553923147826193e-04 -3.859277720148472472e-03
1.300000000000000000e+02 -5.674723197435888825e-04 -3.616888818261261660e-03
1.340000000000000000e+02 -6.744752279705273391e-04 -3.365636456229656893e-03
1.380000000000000000e+02 -7.247591458982433066e-04 -3.120023484632568431e-03
1.420000000000000000e+02 -7.398590531950038950e-04 -2.878141479338891355e-03
1.460000000000000000e+02 -7.336051786365791827e-04 -2.649606012220672054e-03
1.500000000000000000e+02 -7.143138907713837953e-04 -2.440510354423598011e-03
1.540000000000000000e+02 -6.870058773135124999e-04 -2.244398483870346881e-03
1.580000000000000000e+02 -6.547049239462479457e-04 -2.063261535920564264e-03
1.620000000000000000e+02 -6.195949735670577049e-04 -1.900607698802176402e-03
1.660000000000000000e+02 -5.839550330723597806e-04 -1.750664629089371174e-03
1.700000000000000000e+02 -5.496669085377357995e-04 -1.612749851420984190e-03
1.740000000000000000e+02 -5.172283519510934881e-04 -1.489472249016886903e-03
1.780000000000000000e+02 -4.860844857087669516e-04 -1.376499975777896196e-03
1.820000000000000000e+02 -4.556936477842863514e-04 -1.272071700735552969e-03
1.860000000000000000e+02 -4.260671030544059632e-04 -1.178407890417764066e-03
1.900000000000000000e+02 -3.979217513239044859e-04 -1.092917951401383781e-03
1.940000000000000000e+02 -3.724336729091780080e-04 -1.013850057039729661e-03
1.980000000000000000e+02 -3.503573810288164426e-04 -9.431248825460786895e-04
